15223 13843 27629
13843 15223 27629
27629 13843 15223
12049 19566 20212
20212 12049 19566
19566 12049 20212
5876 22784 29731
22784 5876 29731
29731 5876 22784
25052 11191 15513
15513 11191 25052
11191 15513 25052
10231 27696 28307
28307 10231 27696
27696 10231 28307
327 307 24655
307 327 24655
24655 307 327
2429 6091 26978
26978 2429 6091
6091 2429 26978
11932 11885 21432
21432 11885 11932
11885 11932 21432
29038 9708 20134
9708 20134 29038
20134 9708 29038
1989 13051 25563
25563 1989 13051
13051 1989 25563
23636 12065 28942
28942 12065 23636
12065 23636 28942
29516 5259 11424
11424 5259 29516
5259 11424 29516
20584 22943 27049
22943 20584 27049
27049 20584 22943
16415 15128 21374
21374 15128 16415
15128 16415 21374
27963 10059 14274
14274 10059 27963
10059 14274 27963
2636 19334 20910
20910 2636 19334
19334 2636 20910
801 6437 25110
25110 801 6437
6437 801 25110
22145 7928 19491
7928 19491 22145
19491 7928 22145
1939 15096 20774
20774 1939 15096
15096 1939 20774
22000 8998 26322
26322 8998 22000
8998 22000 26322
28704 12350 25836
25836 12350 28704
12350 25836 28704
10158 14961 19813
14961 10158 19813
19813 10158 14961
3012 13567 13800
13567 3012 13800
13800 3012 13567
6778 4713 25692
25692 4713 6778
4713 6778 25692
14764 8833 16218
8833 14764 16218
16218 8833 14764
25879 1811 2362
2362 1811 25879
1811 2362 25879
11365 3430 4426
3430 4426 11365
4426 3430 11365
16485 1213 13701
1213 13701 16485
13701 1213 16485
24293 13214 26652
26652 13214 24293
13214 24293 26652
23742 5517 26167
26167 5517 23742
5517 23742 26167
12913 3290 14500
14500 3290 12913
3290 12913 14500
25890 2194 11419
2194 11419 25890
11419 2194 25890
9398 5042 24656
24656 5042 9398
5042 9398 24656
11320 9043 17661
9043 11320 17661
17661 9043 11320
28318 7393 16432
7393 16432 28318
16432 7393 28318
23879 4692 6823
4692 6823 23879
6823 4692 23879
27028 20609 25977
20609 25977 27028
25977 20609 27028
25769 3844 6484
3844 6484 25769
6484 3844 25769
14444 23616 29134
29134 14444 23616
23616 14444 29134
7607 4898 11665
11665 4898 7607
4898 7607 11665
2425 15082 21550
15082 2425 21550
21550 2425 15082
22538 24147 26258
26258 22538 24147
24147 22538 26258
987 4297 27746
27746 987 4297
4297 987 27746
11548 23098 26908
23098 11548 26908
26908 11548 23098
2062 5688 14430
14430 2062 5688
5688 2062 14430
24307 3137 12385
3137 12385 24307
12385 3137 24307
16430 10929 26273
26273 10929 16430
10929 16430 26273
2689 5000 12119
12119 2689 5000
5000 2689 12119
3953 21077 24309
24309 3953 21077
21077 3953 24309
1481 4837 19930
4837 1481 19930
19930 1481 4837
5729 22100 26461
22100 5729 26461
26461 5729 22100
9698 15157 23246
15157 9698 23246
23246 9698 15157
9237 4136 9609
4136 9237 9609
9609 4136 9237
13839 14209 22590
22590 13839 14209
14209 13839 22590
1935 4026 18403
18403 1935 4026
4026 1935 18403
23670 6952 26871
26871 6952 23670
6952 23670 26871
19083 2677 18033
2677 18033 19083
18033 2677 19083
13814 2792 10079
10079 2792 13814
2792 10079 13814
22843 2948 11721
11721 2948 22843
2948 11721 22843
10020 15919 16707
16707 10020 15919
15919 10020 16707
24088 12920 19944
12920 19944 24088
19944 12920 24088
12915 150 16202
16202 150 12915
150 12915 16202
564 1957 3674
1957 564 3674
3674 564 1957
28069 9269 10167
9269 10167 28069
10167 9269 28069
8242 1622 24982
24982 1622 8242
1622 8242 24982
7405 21922 29304
29304 7405 21922
21922 7405 29304
6693 17643 22635
22635 6693 17643
17643 6693 22635
17742 2933 9164
9164 2933 17742
2933 9164 17742
21619 6277 26677
26677 6277 21619
6277 21619 26677
24190 12672 13261
12672 13261 24190
13261 12672 24190
27861 16771 21291
16771 21291 27861
21291 16771 27861
24923 5118 19451
19451 5118 24923
5118 19451 24923
10747 211 22254
22254 211 10747
211 10747 22254
4279 7602 14516
14516 4279 7602
7602 4279 14516
20992 2329 8355
2329 8355 20992
8355 2329 20992
13735 10359 21993
10359 13735 21993
21993 10359 13735
8315 26136 28717
28717 8315 26136
26136 8315 28717
24366 14980 28006
28006 14980 24366
14980 24366 28006
24735 23013 28496
23013 24735 28496
28496 23013 24735
11944 15947 29872
29872 11944 15947
15947 11944 29872
17021 4133 17031
4133 17021 17031
17031 4133 17021
13752 7515 26886
7515 13752 26886
26886 7515 13752
21880 20878 25720
20878 21880 25720
25720 20878 21880
6153 18006 19312
19312 6153 18006
18006 6153 19312
19979 13232 16564
13232 16564 19979
16564 13232 19979
12272 7057 10030
7057 10030 12272
10030 7057 12272
4287 8409 12688
8409 4287 12688
12688 4287 8409
10173 13584 28339
13584 10173 28339
28339 10173 13584
28485 1048 11082
1048 11082 28485
11082 1048 28485
27058 1876 15067
15067 1876 27058
1876 15067 27058
386 3827 13783
13783 386 3827
3827 386 13783
10418 8389 21125
21125 8389 10418
8389 10418 21125
15145 6121 14012
14012 6121 15145
6121 14012 15145
22838 1628 18184
1628 18184 22838
18184 1628 22838
12201 18005 25088
18005 12201 25088
25088 12201 18005
27908 13023 27860
13023 27860 27908
27860 13023 27908
29491 589 3177
589 3177 29491
3177 589 29491
1160 6017 21063
6017 1160 21063
21063 1160 6017
15116 7132 9852
9852 7132 15116
7132 9852 15116
19470 2627 13408
13408 2627 19470
2627 13408 19470
28510 9864 23298
23298 9864 28510
9864 23298 28510
351 5646 20261
5646 351 20261
20261 351 5646
26396 9946 11506
11506 9946 26396
9946 11506 26396
20923 4859 26344
4859 20923 26344
26344 4859 20923
28927 20548 24401
24401 20548 28927
20548 24401 28927
15371 17103 18785
17103 15371 18785
18785 15371 17103
17370 1406 19450
19450 1406 17370
1406 17370 19450
19827 12056 21312
12056 19827 21312
21312 12056 19827
19207 11429 24146
11429 19207 24146
24146 11429 19207
29658 2354 20929
20929 2354 29658
2354 20929 29658
27730 5633 15072
15072 5633 27730
5633 15072 27730
5945 17439 18631
17439 5945 18631
18631 5945 17439
17361 1796 10946
10946 1796 17361
1796 10946 17361
9472 9773 25724
9773 9472 25724
25724 9472 9773
18542 5764 27252
27252 5764 18542
5764 18542 27252
22546 8289 22261
8289 22261 22546
22261 8289 22546
17463 16465 18558
18558 16465 17463
16465 17463 18558
14726 22005 24532
24532 14726 22005
22005 14726 24532
16892 11585 11590
11585 11590 16892
11590 11585 16892
14819 9498 26019
9498 14819 26019
26019 9498 14819
6111 11385 13027
13027 6111 11385
11385 6111 13027
652 6946 26088
26088 652 6946
6946 652 26088
4809 2239 28242
2239 4809 28242
28242 2239 4809
6482 474 24354
474 6482 24354
24354 474 6482
551 12483 19275
19275 551 12483
12483 551 19275
4950 4284 20166
20166 4284 4950
4284 4950 20166
29449 15840 23790
23790 15840 29449
15840 23790 29449
6981 15108 27422
15108 6981 27422
27422 6981 15108
21193 1588 29943
29943 1588 21193
1588 21193 29943
1818 5419 7441
5419 1818 7441
7441 1818 5419
16344 367 11611
11611 367 16344
367 11611 16344
4448 19920 28791
19920 4448 28791
28791 4448 19920
1462 24014 24277
24014 1462 24277
24277 1462 24014
19463 9201 19835
19835 9201 19463
9201 19463 19835
21346 12328 27938
12328 21346 27938
27938 12328 21346
1836 20179 20470
20470 1836 20179
20179 1836 20470
28022 13073 22640
22640 13073 28022
13073 22640 28022
6418 7301 17576
7301 6418 17576
17576 6418 7301
21309 11924 25268
25268 11924 21309
11924 21309 25268
5804 16670 17284
16670 5804 17284
17284 5804 16670
4741 21744 27554
27554 4741 21744
21744 4741 27554
17969 16449 27808
16449 17969 27808
27808 16449 17969
21902 6550 18947
18947 6550 21902
6550 18947 21902
20097 3726 5583
3726 5583 20097
5583 3726 20097
24073 24245 25489
24245 24073 25489
25489 24073 24245
13874 428 1264
428 1264 13874
1264 428 13874
28246 23748 27451
23748 27451 28246
27451 23748 28246
11194 9495 29321
9495 11194 29321
29321 9495 11194
29391 13708 17572
17572 13708 29391
13708 17572 29391
19839 13913 28466
28466 13913 19839
13913 19839 28466
16924 7738 9362
9362 7738 16924
7738 9362 16924
18339 10505 20201
10505 18339 20201
20201 10505 18339
8953 7365 26921
7365 8953 26921
26921 7365 8953
9180 5746 27014
27014 5746 9180
5746 9180 27014
27350 722 24178
722 24178 27350
24178 722 27350
5220 1534 5023
5023 1534 5220
1534 5023 5220
4840 2403 7305
7305 2403 4840
2403 4840 7305
14127 6533 22807
22807 6533 14127
6533 14127 22807
5776 14822 24528
24528 5776 14822
14822 5776 24528
6695 21059 24755
21059 6695 24755
24755 6695 21059
11706 1117 15927
1117 11706 15927
15927 1117 11706
2635 3 12152
12152 3 2635
3 2635 12152
19151 20546 24552
20546 19151 24552
24552 19151 20546
24055 2560 26893
2560 24055 26893
26893 2560 24055
10374 7145 18924
18924 7145 10374
7145 10374 18924
27392 6496 25401
25401 6496 27392
6496 25401 27392
6704 13456 22992
13456 6704 22992
22992 6704 13456
16616 6325 22941
22941 6325 16616
6325 16616 22941
16184 10443 15077
15077 10443 16184
10443 15077 16184
25458 11811 21977
11811 21977 25458
21977 11811 25458
3762 1909 29755
29755 1909 3762
1909 3762 29755
14190 28338 29964
28338 14190 29964
29964 14190 28338
11323 7758 22691
22691 7758 11323
7758 11323 22691
28861 11262 23469
11262 23469 28861
23469 11262 28861
27494 9866 11767
9866 11767 27494
11767 9866 27494
726 2741 5515
5515 726 2741
2741 726 5515
26560 6177 25170
6177 25170 26560
25170 6177 26560
6419 5834 19767
5834 6419 19767
19767 5834 6419
9065 17967 20522
17967 9065 20522
20522 9065 17967
13227 21975 25532
25532 13227 21975
21975 13227 25532
14768 13653 16484
13653 14768 16484
16484 13653 14768
22621 5657 29472
29472 5657 22621
5657 22621 29472
8047 6432 10283
6432 8047 10283
10283 6432 8047
3142 497 25848
25848 497 3142
497 3142 25848
13063 3111 23549
3111 13063 23549
23549 3111 13063
24065 13647 26889
26889 13647 24065
13647 24065 26889
28548 14743 25340
14743 25340 28548
25340 14743 28548
10315 8298 16990
16990 8298 10315
8298 10315 16990
25218 7379 28852
7379 25218 28852
28852 7379 25218
24284 4218 25857
4218 24284 25857
25857 4218 24284
29486 13132 28019
13132 28019 29486
28019 13132 29486
17219 14556 18148
18148 14556 17219
14556 17219 18148
28723 17343 23747
23747 17343 28723
17343 23747 28723
20272 1452 25776
25776 1452 20272
1452 20272 25776
23376 11104 17396
11104 17396 23376
17396 11104 23376
26953 22650 27371
22650 26953 27371
27371 22650 26953
8112 18795 20024
18795 8112 20024
20024 8112 18795
4478 20384 25913
20384 4478 25913
25913 4478 20384
12156 3457 29075
3457 12156 29075
29075 3457 12156
22092 8115 25884
8115 22092 25884
25884 8115 22092
25272 17023 28576
17023 25272 28576
28576 17023 25272
15276 5489 11993
11993 5489 15276
5489 11993 15276
19025 16907 25774
25774 16907 19025
16907 19025 25774
9801 8986 11254
11254 8986 9801
8986 9801 11254
22282 16732 28686
16732 22282 28686
28686 16732 22282
4107 19242 19356
19356 4107 19242
19242 4107 19356
26394 14794 15181
15181 14794 26394
14794 15181 26394
14355 83 15943
83 14355 15943
15943 83 14355
25927 1234 28363
28363 1234 25927
1234 25927 28363
1813 13052 27027
13052 1813 27027
27027 1813 13052
16578 10212 19009
19009 10212 16578
10212 16578 19009
9939 17485 27500
27500 9939 17485
17485 9939 27500
17912 8802 17545
17545 8802 17912
8802 17545 17912
5654 8893 21910
21910 5654 8893
8893 5654 21910
19597 1456 9014
1456 9014 19597
9014 1456 19597
11586 5172 25715
25715 5172 11586
5172 11586 25715
28599 15847 28221
28221 15847 28599
15847 28221 28599
14193 23154 29554
23154 14193 29554
29554 14193 23154
17053 3319 28765
28765 3319 17053
3319 17053 28765
18873 11250 25216
25216 11250 18873
11250 18873 25216
8475 27864 28911
27864 8475 28911
28911 8475 27864
2641 1411 11176
1411 2641 11176
11176 1411 2641
27998 16467 19592
19592 16467 27998
16467 19592 27998
22056 4739 19945
19945 4739 22056
4739 19945 22056
5574 749 1131
749 1131 5574
1131 749 5574
4715 27659 28314
27659 4715 28314
28314 4715 27659
24918 16549 17115
17115 16549 24918
16549 17115 24918
6811 9255 12336
9255 6811 12336
12336 6811 9255
28236 6331 10271
6331 10271 28236
10271 6331 28236
24302 13157 26223
13157 24302 26223
26223 13157 24302
25437 22673 25979
22673 25437 25979
25979 22673 25437
23414 4626 29002
29002 4626 23414
4626 23414 29002
9513 20847 24259
24259 9513 20847
20847 9513 24259
14499 9539 21712
9539 14499 21712
21712 9539 14499
10465 13015 29455
29455 10465 13015
13015 10465 29455
4791 13108 28028
13108 4791 28028
28028 4791 13108
616 22332 26552
22332 616 26552
26552 616 22332
2202 12128 16133
12128 2202 16133
16133 2202 12128
25221 6104 28922
28922 6104 25221
6104 25221 28922
9448 21314 21441
21314 9448 21441
21441 9448 21314
19728 9868 22975
9868 19728 22975
22975 9868 19728
1413 2367 6722
2367 1413 6722
6722 1413 2367
15287 12485 27747
27747 12485 15287
12485 15287 27747
25583 23498 26234
23498 25583 26234
26234 23498 25583
22285 10074 12948
10074 12948 22285
12948 10074 22285
24199 2621 19358
19358 2621 24199
2621 19358 24199
4648 8653 23455
8653 4648 23455
23455 4648 8653
20750 26460 28039
26460 20750 28039
28039 20750 26460
23199 14830 27017
14830 23199 27017
27017 14830 23199
21244 464 19425
464 19425 21244
19425 464 21244
13116 9857 12871
12871 9857 13116
9857 12871 13116
13162 9915 14968
9915 13162 14968
14968 9915 13162
28276 8361 15894
8361 15894 28276
15894 8361 28276
21590 18529 24450
24450 18529 21590
18529 21590 24450
29672 20969 24436
20969 24436 29672
24436 20969 29672
14271 16008 26016
16008 14271 26016
26016 14271 16008
17748 3577 23473
3577 17748 23473
23473 3577 17748
14917 3138 24046
3138 14917 24046
24046 3138 14917
20982 1005 3147
1005 3147 20982
3147 1005 20982
12426 7509 7770
7770 7509 12426
7509 7770 12426
11204 26 6883
6883 26 11204
26 6883 11204
11283 13944 22649
13944 11283 22649
22649 11283 13944
19448 25496 25572
25572 19448 25496
25496 19448 25572
19303 3569 14338
14338 3569 19303
3569 14338 19303
8582 2541 29528
2541 8582 29528
29528 2541 8582
21013 10737 20539
10737 20539 21013
20539 10737 21013
1776 9732 19569
19569 1776 9732
9732 1776 19569
6894 17368 27587
17368 6894 27587
27587 6894 17368
19121 25486 29702
29702 19121 25486
25486 19121 29702
7923 5012 20082
5012 7923 20082
20082 5012 7923
15129 19736 20307
19736 15129 20307
20307 15129 19736
23925 11846 27588
27588 11846 23925
11846 23925 27588
24272 13254 16201
16201 13254 24272
13254 16201 24272
19896 4556 8074
4556 8074 19896
8074 4556 19896
14234 868 13058
13058 868 14234
868 13058 14234
21153 10757 16443
16443 10757 21153
10757 16443 21153
16589 11408 13170
11408 13170 16589
13170 11408 16589
29965 3201 17341
3201 17341 29965
17341 3201 29965
3402 10268 21517
21517 3402 10268
10268 3402 21517
23694 5716 7322
7322 5716 23694
5716 7322 23694
24839 588 18414
18414 588 24839
588 18414 24839
28195 1057 16652
1057 16652 28195
16652 1057 28195
8399 14646 27311
27311 8399 14646
14646 8399 27311
19821 11011 21168
11011 19821 21168
21168 11011 19821
7357 3215 10809
10809 3215 7357
3215 7357 10809
3225 7073 14654
7073 3225 14654
14654 3225 7073
1370 7735 15027
15027 1370 7735
7735 1370 15027
14598 784 11284
11284 784 14598
784 11284 14598
11291 9849 16359
9849 11291 16359
16359 9849 11291
14292 14551 15156
15156 14292 14551
14551 14292 15156
27109 18525 24136
18525 24136 27109
24136 18525 27109
18410 16935 20743
20743 16935 18410
16935 18410 20743
20784 17987 27774
17987 20784 27774
27774 17987 20784
29724 23323 27380
23323 27380 29724
27380 23323 29724
9232 14595 18408
18408 9232 14595
14595 9232 18408
7644 12395 20597
12395 7644 20597
20597 7644 12395
16367 973 7978
7978 973 16367
973 7978 16367
19092 2651 23512
2651 19092 23512
23512 2651 19092
1785 18174 27412
27412 1785 18174
18174 1785 27412
27105 20088 21710
20088 21710 27105
21710 20088 27105
21456 21852 29786
21852 21456 29786
29786 21456 21852
10533 19294 29718
19294 10533 29718
29718 10533 19294
28739 14622 17809
14622 17809 28739
17809 14622 28739
18848 1358 22707
1358 18848 22707
22707 1358 18848
15113 5273 6552
5273 6552 15113
6552 5273 15113
28941 8784 21515
8784 21515 28941
21515 8784 28941
5074 14067 24808
14067 5074 24808
24808 5074 14067
373 2536 26943
26943 373 2536
2536 373 26943
7270 6908 23118
23118 6908 7270
6908 7270 23118
23459 25233 29959
25233 23459 29959
29959 23459 25233
25904 21215 29287
29287 21215 25904
21215 25904 29287
10461 863 20168
863 10461 20168
20168 863 10461
18840 4563 9150
9150 4563 18840
4563 9150 18840
7425 15745 26067
26067 7425 15745
15745 7425 26067
20563 18678 21251
21251 18678 20563
18678 20563 21251
29778 4390 10885
4390 10885 29778
10885 4390 29778
25412 4561 22845
4561 22845 25412
22845 4561 25412
15171 20583 25036
20583 15171 25036
25036 15171 20583
2695 3320 28474
3320 2695 28474
28474 2695 3320
14231 10859 24767
10859 14231 24767
24767 10859 14231
18677 4781 20115
20115 4781 18677
4781 18677 20115
7235 26645 28110
26645 7235 28110
28110 7235 26645
15748 3978 5888
5888 3978 15748
3978 5888 15748
4396 15580 23783
15580 4396 23783
23783 4396 15580
24510 7046 23321
23321 7046 24510
7046 23321 24510
16909 4554 19708
19708 4554 16909
4554 16909 19708
6424 14515 25182
25182 6424 14515
14515 6424 25182
19913 4685 8231
4685 8231 19913
8231 4685 19913
3757 24452 27732
24452 3757 27732
27732 3757 24452
19249 14312 16942
16942 14312 19249
14312 16942 19249
26634 23668 24514
23668 24514 26634
24514 23668 26634
16816 6589 10502
6589 10502 16816
10502 6589 16816
18644 3480 28737
28737 3480 18644
3480 18644 28737
4545 12912 29651
12912 4545 29651
29651 4545 12912
7033 9848 27195
9848 7033 27195
27195 7033 9848
19519 18903 29998
29998 18903 19519
18903 19519 29998
916 9684 27799
27799 916 9684
9684 916 27799
2283 2501 11153
2501 2283 11153
11153 2283 2501
385 2010 24459
2010 385 24459
24459 385 2010
16819 19611 29499
19611 16819 29499
29499 16819 19611
3952 3946 11660
11660 3946 3952
3946 3952 11660
7918 6910 10451
10451 6910 7918
6910 7918 10451
10838 12653 23652
12653 10838 23652
23652 10838 12653
13337 14899 29261
14899 13337 29261
29261 13337 14899
26428 19942 21208
19942 21208 26428
21208 19942 26428
25510 11091 11487
11487 11091 25510
11091 11487 25510
4681 2571 20626
2571 4681 20626
20626 2571 4681
23906 9341 12365
9341 12365 23906
12365 9341 23906
6751 23854 27725
27725 6751 23854
23854 6751 27725
9015 17094 17400
17094 9015 17400
17400 9015 17094
22266 7118 25118
7118 22266 25118
25118 7118 22266
207 11813 24236
11813 207 24236
24236 207 11813
28234 18319 20693
20693 18319 28234
18319 20693 28234
7820 4311 20817
20817 4311 7820
4311 7820 20817
2567 14022 23922
23922 2567 14022
14022 2567 23922
3917 12465 12765
12765 3917 12465
12465 3917 12765
16066 2338 4459
2338 4459 16066
4459 2338 16066
7043 10716 26739
10716 7043 26739
26739 7043 10716
12168 25134 25243
25134 12168 25243
25243 12168 25134
21484 8701 20053
8701 20053 21484
20053 8701 21484
23967 19253 22176
19253 22176 23967
22176 19253 23967
21862 5394 13876
13876 5394 21862
5394 13876 21862
18619 3502 18605
18605 3502 18619
3502 18605 18619
16856 10099 27227
10099 16856 27227
27227 10099 16856
25940 14392 26151
26151 14392 25940
14392 25940 26151
15681 24505 25714
24505 15681 25714
25714 15681 24505
20378 5814 29660
5814 20378 29660
29660 5814 20378
18740 174 6186
6186 174 18740
174 6186 18740
5955 1304 2974
2974 1304 5955
1304 2974 5955
29103 14558 23691
23691 14558 29103
14558 23691 29103
6886 974 16737
16737 974 6886
974 6886 16737
10960 10887 15659
10887 10960 15659
15659 10887 10960
27282 4178 21519
21519 4178 27282
4178 21519 27282
23378 2640 23758
23758 2640 23378
2640 23378 23758
20185 2791 28663
2791 20185 28663
28663 2791 20185
5226 20719 25478
20719 5226 25478
25478 5226 20719
9931 23664 28938
28938 9931 23664
23664 9931 28938
24209 4587 10081
10081 4587 24209
4587 10081 24209
11825 407 20018
407 11825 20018
20018 407 11825
18455 3800 5113
5113 3800 18455
3800 5113 18455
5616 4342 9388
4342 5616 9388
9388 4342 5616
3288 2957 22700
22700 2957 3288
2957 3288 22700
4598 55 18039
18039 55 4598
55 4598 18039
18758 21049 29954
29954 18758 21049
21049 18758 29954
23365 1589 20867
1589 20867 23365
20867 1589 23365
26713 23301 28623
23301 26713 28623
28623 23301 26713
1493 17650 27935
17650 1493 27935
27935 1493 17650
22331 14184 24422
14184 22331 24422
24422 14184 22331
15466 7573 10084
7573 10084 15466
10084 7573 15466
26091 1964 7250
1964 7250 26091
7250 1964 26091
18712 1324 25207
25207 1324 18712
1324 18712 25207
4909 13530 18968
18968 4909 13530
13530 4909 18968
1459 4186 10620
4186 1459 10620
10620 1459 4186
8334 19803 28453
28453 8334 19803
19803 8334 28453
19740 433 2459
2459 433 19740
433 2459 19740
10183 15696 21021
15696 10183 21021
21021 10183 15696
246 12227 21981
12227 246 21981
21981 246 12227
8928 2121 2242
2242 2121 8928
2121 2242 8928
1008 15989 23019
23019 1008 15989
15989 1008 23019
20441 4187 8940
4187 8940 20441
8940 4187 20441
26995 6002 12781
12781 6002 26995
6002 12781 26995
3325 6132 9992
9992 3325 6132
6132 3325 9992
1211 11971 12140
11971 1211 12140
12140 1211 11971
17026 6999 7094
6999 7094 17026
7094 6999 17026
16744 7814 14336
14336 7814 16744
7814 14336 16744
17525 19969 23990
23990 17525 19969
19969 17525 23990
1275 3475 10091
3475 1275 10091
10091 1275 3475
15031 507 21913
21913 507 15031
507 15031 21913
7447 13147 24622
24622 7447 13147
13147 7447 24622
9017 13919 16685
13919 9017 16685
16685 9017 13919
14104 4708 13742
13742 4708 14104
4708 13742 14104
10509 22298 25159
25159 10509 22298
22298 10509 25159
2098 21774 27427
21774 2098 27427
27427 2098 21774
5508 15460 15834
15834 5508 15460
15460 5508 15834
24942 10766 16904
16904 10766 24942
10766 16904 24942
10691 23964 24058
23964 10691 24058
24058 10691 23964
1118 6685 27943
27943 1118 6685
6685 1118 27943
9800 2133 23110
23110 2133 9800
2133 9800 23110
23001 21157 29047
21157 23001 29047
29047 21157 23001
6469 4665 9813
9813 4665 6469
4665 6469 9813
25800 25696 26090
26090 25696 25800
25696 25800 26090
16070 6527 27490
6527 16070 27490
27490 6527 16070
4571 21787 26748
21787 4571 26748
26748 4571 21787
12586 9829 21436
21436 9829 12586
9829 12586 21436
24332 6772 19575
6772 19575 24332
19575 6772 24332
16794 3693 4644
4644 3693 16794
3693 4644 16794
7948 5156 29352
5156 7948 29352
29352 5156 7948
17994 15191 27869
15191 17994 27869
27869 15191 17994
22088 18189 26077
26077 18189 22088
18189 22088 26077
12271 4436 13660
4436 12271 13660
13660 4436 12271
15787 14454 24095
24095 14454 15787
14454 15787 24095
27929 1961 11920
1961 11920 27929
11920 1961 27929
28003 22115 29227
29227 22115 28003
22115 28003 29227
3989 9724 22511
22511 3989 9724
9724 3989 22511
3418 1538 17846
1538 3418 17846
17846 1538 3418
12447 12745 24324
12745 12447 24324
24324 12447 12745
15316 14250 28792
14250 15316 28792
28792 14250 15316
16898 6008 18419
6008 16898 18419
18419 6008 16898
29841 14329 24693
24693 14329 29841
14329 24693 29841
1570 5470 7040
7040 1570 5470
5470 1570 7040
8760 4167 9326
9326 4167 8760
4167 8760 9326
25199 11322 12253
12253 11322 25199
11322 12253 25199
9977 15896 19857
15896 9977 19857
19857 9977 15896
27705 3924 20840
20840 3924 27705
3924 20840 27705
6568 15296 17136
17136 6568 15296
15296 6568 17136
9299 22660 29570
29570 9299 22660
22660 9299 29570
21455 24157 24908
24157 21455 24908
24908 21455 24157
17516 2272 17089
2272 17089 17516
17089 2272 17516
4213 11669 26124
11669 4213 26124
26124 4213 11669
5948 5767 6043
6043 5767 5948
5767 5948 6043
19302 8153 26072
8153 19302 26072
26072 8153 19302
2155 265 6443
6443 265 2155
265 2155 6443
1257 10049 21438
10049 1257 21438
21438 1257 10049
18615 14378 28681
28681 14378 18615
14378 18615 28681
5813 3627 15201
3627 5813 15201
15201 3627 5813
22543 15846 20880
20880 15846 22543
15846 20880 22543
16534 8372 22489
8372 16534 22489
22489 8372 16534
11967 7335 25939
25939 7335 11967
7335 11967 25939
2359 3144 8716
3144 2359 8716
8716 2359 3144
3599 11466 15930
15930 3599 11466
11466 3599 15930
26360 8462 15699
15699 8462 26360
8462 15699 26360
18004 16138 19726
16138 18004 19726
19726 16138 18004
23692 368 13196
13196 368 23692
368 13196 23692
24410 11118 24658
11118 24410 24658
24658 11118 24410
28292 7981 22620
22620 7981 28292
7981 22620 28292
20489 2099 2472
2099 2472 20489
2472 2099 20489
29100 4895 5405
5405 4895 29100
4895 5405 29100
28661 5663 9676
9676 5663 28661
5663 9676 28661
3583 3840 22058
3840 3583 22058
22058 3583 3840
11677 20640 29073
29073 11677 20640
20640 11677 29073
13016 7883 26801
26801 7883 13016
7883 13016 26801
5476 9130 16033
16033 5476 9130
9130 5476 16033
29282 6594 25060
6594 25060 29282
25060 6594 29282
15034 3607 26478
26478 3607 15034
3607 15034 26478
15991 8929 12843
12843 8929 15991
8929 12843 15991
6085 21890 29167
29167 6085 21890
21890 6085 29167
18474 9690 25235
9690 18474 25235
25235 9690 18474
1497 1530 7742
1530 1497 7742
7742 1497 1530
4818 4476 29669
29669 4476 4818
4476 4818 29669
22971 6058 23445
6058 22971 23445
23445 6058 22971
10689 10984 19029
10984 10689 19029
19029 10689 10984
7781 3735 24821
3735 7781 24821
24821 3735 7781
22859 4593 29661
29661 4593 22859
4593 22859 29661
200 5516 17745
5516 200 17745
17745 200 5516
20135 10077 21265
21265 10077 20135
10077 20135 21265
24608 1861 4893
4893 1861 24608
1861 4893 24608
22680 6942 13610
6942 13610 22680
13610 6942 22680
2922 4534 20913
4534 2922 20913
20913 2922 4534
7387 154 4276
154 4276 7387
4276 154 7387
23406 23751 29097
29097 23406 23751
23751 23406 29097
19943 195 21801
21801 195 19943
195 19943 21801
25503 24855 25945
25945 24855 25503
24855 25503 25945
11061 1838 19385
19385 1838 11061
1838 11061 19385
8684 14746 22777
14746 8684 22777
22777 8684 14746
5530 693 27736
693 5530 27736
27736 693 5530
5013 5457 8529
8529 5013 5457
5457 5013 8529
20596 18475 20399
18475 20399 20596
20399 18475 20596
2523 16259 25442
16259 2523 25442
25442 2523 16259
29683 1071 9554
9554 1071 29683
1071 9554 29683
20278 18359 25468
25468 18359 20278
18359 20278 25468
26727 2539 4847
4847 2539 26727
2539 4847 26727
27379 8365 20789
8365 20789 27379
20789 8365 27379
20034 21354 23249
21354 20034 23249
23249 20034 21354
22309 2241 17586
17586 2241 22309
2241 17586 22309
9908 926 12686
12686 926 9908
926 9908 12686
8063 5152 8878
5152 8063 8878
8878 5152 8063
10115 12221 17322
17322 10115 12221
12221 10115 17322
10130 7718 17340
7718 10130 17340
17340 7718 10130
7473 7805 16349
7805 7473 16349
16349 7473 7805
17449 11121 23386
11121 17449 23386
23386 11121 17449
5148 13538 16414
16414 5148 13538
13538 5148 16414
316 20608 26086
26086 316 20608
20608 316 26086
22016 4780 9844
9844 4780 22016
4780 9844 22016
12035 2447 4876
2447 4876 12035
4876 2447 12035
6168 14881 16553
14881 6168 16553
16553 6168 14881
14650 14601 24054
14601 14650 24054
24054 14601 14650
26660 18218 22255
22255 18218 26660
18218 22255 26660
17567 9580 29699
29699 9580 17567
9580 17567 29699
8888 4443 8751
8751 4443 8888
4443 8751 8888
2739 15160 21950
21950 2739 15160
15160 2739 21950
15742 18620 20246
20246 15742 18620
18620 15742 20246
16122 10222 14174
14174 10222 16122
10222 14174 16122
27982 20324 21652
20324 21652 27982
21652 20324 27982
23163 7051 21415
21415 7051 23163
7051 21415 23163
23224 1583 2785
1583 2785 23224
2785 1583 23224
8446 2882 4654
4654 2882 8446
2882 4654 8446
17107 158 18230
158 17107 18230
18230 158 17107
2980 6539 18715
18715 2980 6539
6539 2980 18715
9579 2026 16134
2026 9579 16134
16134 2026 9579
25733 6825 8562
8562 6825 25733
6825 8562 25733
24180 12840 28413
12840 24180 28413
28413 12840 24180
29641 2451 18214
2451 18214 29641
18214 2451 29641
21705 13507 26993
26993 13507 21705
13507 21705 26993
25220 17296 17865
17865 17296 25220
17296 17865 25220
25616 10235 13628
13628 10235 25616
10235 13628 25616
3804 18125 18845
18845 3804 18125
18125 3804 18845
821 2907 28898
28898 821 2907
2907 821 28898
18811 8454 24582
8454 18811 24582
24582 8454 18811
21322 18955 29045
18955 21322 29045
29045 18955 21322
26884 22698 27223
27223 22698 26884
22698 26884 27223
9124 8627 15523
15523 8627 9124
8627 9124 15523
1231 16782 19106
16782 1231 19106
19106 1231 16782
13152 20153 28409
20153 13152 28409
28409 13152 20153
552 4493 19111
19111 552 4493
4493 552 19111
24964 22157 24954
24954 22157 24964
22157 24954 24964
27172 6984 20783
20783 6984 27172
6984 20783 27172
13357 12305 12717
12717 12305 13357
12305 12717 13357
8829 13466 23885
13466 8829 23885
23885 8829 13466
7474 8133 26265
26265 7474 8133
8133 7474 26265
29171 2470 17000
17000 2470 29171
2470 17000 29171
18444 3447 24270
24270 3447 18444
3447 18444 24270
20104 9670 15650
9670 15650 20104
15650 9670 20104
27995 23020 24431
23020 24431 27995
24431 23020 27995
22934 10732 17843
10732 17843 22934
17843 10732 22934
13679 13890 28313
28313 13679 13890
13890 13679 28313
23672 26006 28561
26006 23672 28561
28561 23672 26006
2083 19921 22125
19921 2083 22125
22125 2083 19921
20124 8092 26971
26971 8092 20124
8092 20124 26971
20850 358 15879
15879 358 20850
358 15879 20850
15290 6837 18746
6837 15290 18746
18746 6837 15290
2858 11207 24384
24384 2858 11207
11207 2858 24384
29908 18123 25639
18123 25639 29908
25639 18123 29908
15756 2075 26877
2075 15756 26877
26877 2075 15756
12445 20277 22788
22788 12445 20277
20277 12445 22788
6556 7713 26644
7713 6556 26644
26644 6556 7713
25562 12409 29823
29823 12409 25562
12409 25562 29823
24385 6197 9748
6197 9748 24385
9748 6197 24385
26764 7427 27572
27572 7427 26764
7427 26764 27572
17203 6699 12972
12972 6699 17203
6699 12972 17203
17498 14334 16189
14334 16189 17498
16189 14334 17498
4722 18852 18869
18869 4722 18852
18852 4722 18869
22297 22678 23311
22678 22297 23311
23311 22297 22678
4221 16795 22305
22305 4221 16795
16795 4221 22305
20841 2164 10594
2164 10594 20841
10594 2164 20841
18514 357 16094
16094 357 18514
357 16094 18514
15833 8457 8496
8496 8457 15833
8457 8496 15833
9995 3373 29521
29521 3373 9995
3373 9995 29521
6926 20890 25900
20890 6926 25900
25900 6926 20890
8963 34 441
441 34 8963
34 441 8963
25449 887 6503
6503 887 25449
887 6503 25449
16987 875 4850
875 4850 16987
4850 875 16987
1752 4272 12791
4272 1752 12791
12791 1752 4272
13150 10148 23569
23569 10148 13150
10148 13150 23569
24128 6350 25046
25046 6350 24128
6350 24128 25046
12097 7958 9117
7958 9117 12097
9117 7958 12097
13570 2186 9212
9212 2186 13570
2186 9212 13570
15904 7527 18877
18877 7527 15904
7527 15904 18877
3672 14657 26281
26281 3672 14657
14657 3672 26281
28930 60 28929
28929 60 28930
60 28929 28930
16671 6377 21802
21802 6377 16671
6377 16671 21802
20410 7138 26676
7138 20410 26676
26676 7138 20410
17159 2406 23114
2406 17159 23114
23114 2406 17159
16674 670 1120
670 1120 16674
1120 670 16674
29418 1397 20227
1397 20227 29418
20227 1397 29418
5905 6525 16018
16018 5905 6525
6525 5905 16018
5467 5275 19716
5275 5467 19716
19716 5275 5467
27618 4144 12554
12554 4144 27618
4144 12554 27618
9906 6898 22727
6898 9906 22727
22727 6898 9906
25833 5238 22038
22038 5238 25833
5238 22038 25833
18963 18352 27832
27832 18352 18963
18352 18963 27832
12865 1636 4177
4177 1636 12865
1636 4177 12865
19702 14731 22518
22518 14731 19702
14731 19702 22518
28436 4038 17202
17202 4038 28436
4038 17202 28436
21338 4246 22486
4246 21338 22486
22486 4246 21338
19045 11134 14635
11134 14635 19045
14635 11134 19045
8536 7725 10397
7725 8536 10397
10397 7725 8536
9504 12921 22251
12921 9504 22251
22251 9504 12921
22982 13974 14393
13974 14393 22982
14393 13974 22982
3725 7278 10400
10400 3725 7278
7278 3725 10400
4572 23143 28584
23143 4572 28584
28584 4572 23143
2764 8824 16222
8824 2764 16222
16222 2764 8824
15517 4928 28724
28724 4928 15517
4928 15517 28724
19551 3456 27560
3456 19551 27560
27560 3456 19551
11016 21091 27600
21091 11016 27600
27600 11016 21091
2067 26749 27781
26749 2067 27781
27781 2067 26749
24700 2702 14678
2702 14678 24700
14678 2702 24700
26169 3943 15299
3943 15299 26169
15299 3943 26169
5327 12304 21305
21305 5327 12304
12304 5327 21305
22965 8794 25451
25451 8794 22965
8794 22965 25451
23866 24782 25175
25175 23866 24782
24782 23866 25175
4976 25897 29120
29120 4976 25897
25897 4976 29120
21656 14705 29884
14705 21656 29884
29884 14705 21656
12731 4844 8511
8511 4844 12731
4844 8511 12731
18957 7518 27486
7518 18957 27486
27486 7518 18957
16350 16563 29513
16563 16350 29513
29513 16350 16563
29814 6364 15646
6364 15646 29814
15646 6364 29814
25929 6809 23446
6809 23446 25929
23446 6809 25929
26546 27967 29616
29616 26546 27967
27967 26546 29616
5360 11062 25651
11062 5360 25651
25651 5360 11062
1980 636 28399
636 1980 28399
28399 636 1980
12477 7766 12754
7766 12477 12754
12754 7766 12477
25421 6520 14843
6520 14843 25421
14843 6520 25421
26239 10261 13770
13770 10261 26239
10261 13770 26239
6971 7641 25699
25699 6971 7641
7641 6971 25699
29689 27975 29336
27975 29336 29689
29336 27975 29689
10950 19256 20509
20509 10950 19256
19256 10950 20509
25135 20557 21772
21772 20557 25135
20557 21772 25135
26420 1180 28844
1180 26420 28844
28844 1180 26420
11559 1201 13293
13293 1201 11559
1201 11559 13293
14624 11593 24061
11593 14624 24061
24061 11593 14624
11670 703 27985
703 11670 27985
27985 703 11670
10230 24556 25093
24556 10230 25093
25093 10230 24556
28892 16643 20562
16643 20562 28892
20562 16643 28892
18479 1982 3055
1982 3055 18479
3055 1982 18479
15825 4507 29949
4507 15825 29949
29949 4507 15825
26672 13864 17711
13864 17711 26672
17711 13864 26672
11530 1893 2772
2772 1893 11530
1893 2772 11530
27913 14869 15404
15404 14869 27913
14869 15404 27913
19626 921 27647
921 19626 27647
27647 921 19626
17297 20765 27067
27067 17297 20765
20765 17297 27067
6288 9243 22384
22384 6288 9243
9243 6288 22384
3077 4782 25023
25023 3077 4782
4782 3077 25023
21658 510 9445
9445 510 21658
510 9445 21658
28427 14644 26415
26415 14644 28427
14644 26415 28427
3230 3870 27616
3870 3230 27616
27616 3230 3870
12779 6211 7584
7584 6211 12779
6211 7584 12779
19307 2358 11840
2358 11840 19307
11840 2358 19307
22630 5302 24448
24448 5302 22630
5302 22630 24448
8711 11435 21934
21934 8711 11435
11435 8711 21934
8161 6360 10390
6360 8161 10390
10390 6360 8161
15655 1295 1616
1616 1295 15655
1295 1616 15655
6114 16817 19810
16817 6114 19810
19810 6114 16817
3661 8066 15295
15295 3661 8066
8066 3661 15295
19819 14268 24045
24045 14268 19819
14268 19819 24045
23257 4296 12136
12136 4296 23257
4296 12136 23257
6456 21732 24677
21732 6456 24677
24677 6456 21732
8874 13414 17167
13414 8874 17167
17167 8874 13414
22739 18409 25280
18409 22739 25280
25280 18409 22739
3874 7544 29747
29747 3874 7544
7544 3874 29747
25982 185 7903
185 7903 25982
7903 185 25982
23728 6310 15234
6310 15234 23728
15234 6310 23728
885 21511 22966
22966 885 21511
21511 885 22966
27630 12629 23452
12629 23452 27630
23452 12629 27630
8612 28608 28746
28608 8612 28746
28746 8612 28608
3113 13635 29634
29634 3113 13635
13635 3113 29634
27865 6067 8971
6067 8971 27865
8971 6067 27865
19598 2507 28691
2507 19598 28691
28691 2507 19598
21396 16179 23860
16179 21396 23860
23860 16179 21396
17062 11057 28895
11057 17062 28895
28895 11057 17062
9879 4544 26510
4544 9879 26510
26510 4544 9879
15932 6939 8410
8410 6939 15932
6939 8410 15932
21443 8861 27906
8861 21443 27906
27906 8861 21443
16706 21395 21490
21395 16706 21490
21490 16706 21395
2712 3245 13774
3245 2712 13774
13774 2712 3245
5282 17312 22697
17312 5282 22697
22697 5282 17312
20379 4883 19043
19043 4883 20379
4883 19043 20379
13646 7699 13931
7699 13646 13931
13931 7699 13646
10826 24692 28271
28271 10826 24692
24692 10826 28271
14585 9000 14969
14969 9000 14585
9000 14585 14969
9814 3958 11719
3958 9814 11719
11719 3958 9814
12286 11129 19300
11129 12286 19300
19300 11129 12286
18394 9306 18066
9306 18066 18394
18066 9306 18394
25475 790 7440
7440 790 25475
790 7440 25475
3305 1852 23704
1852 3305 23704
23704 1852 3305
17354 20001 23014
20001 17354 23014
23014 17354 20001
22144 28356 28514
28514 22144 28356
28356 22144 28514
15698 1281 28606
28606 1281 15698
1281 15698 28606
16614 18336 20891
20891 16614 18336
18336 16614 20891
11605 4995 14604
14604 4995 11605
4995 11605 14604
18150 10577 29659
29659 10577 18150
10577 18150 29659
23005 21238 26887
21238 23005 26887
26887 21238 23005
29223 11998 13077
11998 13077 29223
13077 11998 29223
28342 23640 29379
23640 28342 29379
29379 23640 28342
19780 12814 26364
12814 19780 26364
26364 12814 19780
29654 7383 21937
7383 21937 29654
21937 7383 29654
26485 245 14998
14998 245 26485
245 14998 26485
20366 14301 29793
14301 20366 29793
29793 14301 20366
5890 2012 24743
2012 5890 24743
24743 2012 5890
6393 1080 1561
1561 1080 6393
1080 1561 6393
908 12100 18041
18041 908 12100
12100 908 18041
4763 11751 29255
29255 4763 11751
11751 4763 29255
8574 2931 20527
2931 8574 20527
20527 2931 8574
17104 6410 18743
6410 17104 18743
18743 6410 17104
24654 8622 24451
24451 8622 24654
8622 24451 24654
27686 6980 28890
28890 6980 27686
6980 27686 28890
16661 18541 19080
18541 16661 19080
19080 16661 18541
29221 22276 27661
27661 22276 29221
22276 27661 29221
3886 8151 25162
8151 3886 25162
25162 3886 8151
2039 16928 26483
26483 2039 16928
16928 2039 26483
9613 17600 26627
26627 9613 17600
17600 9613 26627
23204 13623 17177
17177 13623 23204
13623 17177 23204
1658 15583 29508
15583 1658 29508
29508 1658 15583
3414 803 17771
17771 803 3414
803 3414 17771
21637 8770 21735
8770 21637 21735
21735 8770 21637
14931 3298 27510
27510 3298 14931
3298 14931 27510
8849 19169 26456
19169 8849 26456
26456 8849 19169
6762 3100 11301
3100 6762 11301
11301 3100 6762
852 2889 14577
2889 852 14577
14577 852 2889
19534 18576 22923
18576 19534 22923
22923 18576 19534
26724 2135 25326
25326 2135 26724
2135 25326 26724
5880 5555 21383
5555 5880 21383
21383 5555 5880
26706 24130 28051
28051 24130 26706
24130 26706 28051
10260 23424 25375
23424 10260 25375
25375 10260 23424
21242 15870 28842
28842 15870 21242
15870 21242 28842
12004 9895 22849
22849 9895 12004
9895 12004 22849
25373 25641 29968
25641 25373 29968
29968 25373 25641
20828 14459 16159
16159 14459 20828
14459 16159 20828
23117 1826 17056
17056 1826 23117
1826 17056 23117
28273 3937 6930
6930 3937 28273
3937 6930 28273
6206 20455 29916
29916 6206 20455
20455 6206 29916
26670 11523 26435
26435 11523 26670
11523 26435 26670
23196 6122 8909
6122 8909 23196
8909 6122 23196
5368 11244 22295
11244 5368 22295
22295 5368 11244
13923 978 29344
29344 978 13923
978 13923 29344
8976 6283 9030
6283 8976 9030
9030 6283 8976
6225 2961 23466
23466 2961 6225
2961 6225 23466
23543 22765 29272
29272 22765 23543
22765 23543 29272
28557 4066 17292
4066 17292 28557
17292 4066 28557
14183 9537 27345
27345 9537 14183
9537 14183 27345
16825 23243 26575
23243 16825 26575
26575 16825 23243
29526 15150 19687
19687 15150 29526
15150 19687 29526
15763 2370 15479
15479 2370 15763
2370 15479 15763
22458 16588 23080
23080 16588 22458
16588 22458 23080
1834 26697 29425
29425 1834 26697
26697 1834 29425
28237 716 2975
716 2975 28237
2975 716 28237
9174 25009 27991
27991 9174 25009
25009 9174 27991
20147 5350 25406
25406 5350 20147
5350 20147 25406
406 180 26336
26336 180 406
180 406 26336
17658 6872 19605
19605 6872 17658
6872 17658 19605
24583 1145 23306
23306 1145 24583
1145 23306 24583
9824 8651 12053
12053 8651 9824
8651 9824 12053
22140 22121 25933
22121 22140 25933
25933 22121 22140
14164 7511 8757
8757 7511 14164
7511 8757 14164
2734 6787 14062
6787 2734 14062
14062 2734 6787
4522 1666 24524
24524 1666 4522
1666 4522 24524
18008 20857 22606
20857 18008 22606
22606 18008 20857
24676 5613 18520
5613 18520 24676
18520 5613 24676
6774 8299 22574
22574 6774 8299
8299 6774 22574
19854 6590 11667
11667 6590 19854
6590 11667 19854
5147 18160 25353
25353 5147 18160
18160 5147 25353
28815 884 23270
884 23270 28815
23270 884 28815
6373 23439 28440
23439 6373 28440
28440 6373 23439
4039 9743 16507
9743 4039 16507
16507 4039 9743
28148 14747 26321
26321 14747 28148
14747 26321 28148
28493 5279 10546
5279 10546 28493
10546 5279 28493
25648 11783 15258
15258 11783 25648
11783 15258 25648
23740 4414 27851
4414 23740 27851
27851 4414 23740
1176 847 28759
847 1176 28759
28759 847 1176
22109 10122 18588
10122 18588 22109
18588 10122 22109
1159 7407 10589
7407 1159 10589
10589 1159 7407
5268 23148 24308
24308 5268 23148
23148 5268 24308
15838 7649 26811
7649 15838 26811
26811 7649 15838
11141 26308 29830
26308 11141 29830
29830 11141 26308
3388 14772 18517
18517 3388 14772
14772 3388 18517
29574 14479 27964
14479 27964 29574
27964 14479 29574
45 5195 22967
22967 45 5195
5195 45 22967
1347 8263 13850
13850 1347 8263
8263 1347 13850
17701 5706 7960
7960 5706 17701
5706 7960 17701
2343 9702 28491
9702 2343 28491
28491 2343 9702
