1983 1302 2363
2363 1302 1983
1302 1983 2363
1074 836 1274
1274 836 1074
836 1074 1274
259 42 263
263 42 259
42 259 263
2732 1406 2442
1406 2442 2732
2442 1406 2732
1249 1866 2259
2259 1249 1866
1866 1249 2259
497 2102 2438
2438 497 2102
2102 497 2438
1887 1297 2584
1297 1887 2584
2584 1297 1887
700 755 1084
755 700 1084
1084 700 755
1803 172 637
172 637 1803
637 172 1803
2570 454 1679
1679 454 2570
454 1679 2570
1453 866 1468
866 1453 1468
1468 866 1453
2239 609 1770
1770 609 2239
609 1770 2239
1050 1936 2591
2591 1050 1936
1936 1050 2591
1892 372 1713
372 1713 1892
1713 372 1892
2821 137 1202
1202 137 2821
137 1202 2821
2532 205 1720
205 1720 2532
1720 205 2532
2999 881 2918
881 2918 2999
2918 881 2999
843 618 2641
2641 618 843
618 843 2641
2819 1551 2033
1551 2033 2819
2033 1551 2819
1524 258 3000
258 1524 3000
3000 258 1524
2433 2652 2797
2652 2433 2797
2797 2433 2652
1459 1214 2383
1214 1459 2383
2383 1214 1459
2415 2203 2901
2901 2203 2415
2203 2415 2901
1540 266 1318
1318 266 1540
266 1318 1540
1277 900 2431
900 1277 2431
2431 900 1277
1117 2352 2603
2352 1117 2603
2603 1117 2352
1134 1475 1855
1855 1134 1475
1475 1134 1855
771 126 953
953 126 771
126 771 953
1058 290 1773
290 1058 1773
1773 290 1058
2464 2073 2609
2073 2464 2609
2609 2073 2464
1779 226 625
226 625 1779
625 226 1779
2602 1944 2724
2724 1944 2602
1944 2602 2724
1263 2374 2598
2598 1263 2374
2374 1263 2598
1231 1794 2299
2299 1231 1794
1794 1231 2299
1155 1995 2841
1995 1155 2841
2841 1155 1995
1057 1227 2169
1227 1057 2169
2169 1057 1227
1489 202 2689
202 1489 2689
2689 202 1489
1996 490 2771
490 1996 2771
2771 490 1996
2535 293 2765
293 2535 2765
2765 293 2535
2755 183 2020
183 2020 2755
2020 183 2755
256 2746 2816
2746 256 2816
2816 256 2746
211 1900 2290
2290 211 1900
1900 211 2290
1426 1085 2794
1085 1426 2794
2794 1085 1426
590 943 2992
2992 590 943
943 590 2992
2655 897 2989
2989 897 2655
897 2655 2989
2662 1229 2906
1229 2662 2906
2906 1229 2662
1973 1439 1878
1439 1878 1973
1878 1439 1973
1415 2129 2551
2129 1415 2551
2551 1415 2129
2943 1670 2204
2204 1670 2943
1670 2204 2943
1632 1891 2066
1891 1632 2066
2066 1632 1891
526 1648 2164
2164 526 1648
1648 526 2164
613 1556 2953
1556 613 2953
2953 613 1556
1414 459 2342
2342 459 1414
459 1414 2342
2543 767 2980
767 2543 2980
2980 767 2543
2285 65 2716
2716 65 2285
65 2285 2716
1698 1251 1661
1661 1251 1698
1251 1661 1698
166 598 1228
1228 166 598
598 166 1228
1449 1526 1742
1526 1449 1742
1742 1449 1526
1062 824 2538
824 1062 2538
2538 824 1062
1957 1049 2070
2070 1049 1957
1049 1957 2070
2099 2515 2702
2702 2099 2515
2515 2099 2702
1921 627 1296
1296 627 1921
627 1296 1921
2046 2542 2644
2542 2046 2644
2644 2046 2542
2267 1150 1835
1835 1150 2267
1150 1835 2267
642 311 1012
311 642 1012
1012 311 642
2889 84 1628
84 1628 2889
1628 84 2889
1539 1369 1772
1369 1539 1772
1772 1369 1539
450 109 978
978 109 450
109 450 978
1037 111 1394
111 1037 1394
1394 111 1037
1895 2549 2606
2606 1895 2549
2549 1895 2606
2998 697 2213
697 2213 2998
2213 697 2998
400 1099 2589
1099 400 2589
2589 400 1099
564 1002 1427
1427 564 1002
1002 564 1427
15 193 2534
193 15 2534
2534 15 193
212 1259 2793
1259 212 2793
2793 212 1259
2434 40 1954
1954 40 2434
40 1954 2434
1964 447 757
757 447 1964
447 757 1964
2962 684 2411
684 2411 2962
2411 684 2962
262 187 1019
187 262 1019
1019 187 262
2367 987 2076
2076 987 2367
987 2076 2367
541 1182 1478
1478 541 1182
1182 541 1478
2608 947 1790
947 1790 2608
1790 947 2608
116 1673 2910
2910 116 1673
1673 116 2910
274 43 2387
2387 43 274
43 274 2387
1644 156 2838
2838 156 1644
156 1644 2838
893 1399 2112
2112 893 1399
1399 893 2112
2651 296 473
473 296 2651
296 473 2651
147 685 2056
685 147 2056
2056 147 685
334 1246 2942
2942 334 1246
1246 334 2942
797 1409 2871
2871 797 1409
1409 797 2871
2119 967 2187
2187 967 2119
967 2119 2187
1947 1197 1792
1792 1197 1947
1197 1792 1947
2862 1180 2769
1180 2769 2862
2769 1180 2862
1200 328 556
328 556 1200
556 328 1200
954 506 2151
2151 506 954
506 954 2151
30 958 1009
1009 30 958
958 30 1009
2212 1242 2611
2611 1242 2212
1242 2212 2611
633 97 2991
97 633 2991
2991 97 633
255 1974 2749
1974 255 2749
2749 255 1974
2472 1614 2890
1614 2472 2890
2890 1614 2472
917 936 1299
1299 917 936
936 917 1299
2397 1617 1689
1689 1617 2397
1617 1689 2397
2403 758 1821
1821 758 2403
758 1821 2403
2052 1188 2613
1188 2052 2613
2613 1188 2052
548 520 2784
520 548 2784
2784 520 548
1965 1649 1786
1786 1649 1965
1649 1786 1965
432 340 1502
340 432 1502
1502 340 432
2220 635 1346
1346 635 2220
635 1346 2220
964 1363 2263
1363 964 2263
2263 964 1363
25 6 2809
2809 6 25
6 25 2809
1576 2371 2963
2371 1576 2963
2963 1576 2371
474 494 1338
1338 474 494
494 474 1338
1145 333 1279
1279 333 1145
333 1145 1279
1544 558 1361
558 1361 1544
1361 558 1544
1317 1166 1404
1404 1166 1317
1166 1317 1404
9 2562 2969
2562 9 2969
2969 9 2562
173 2201 2722
2201 173 2722
2722 173 2201
132 552 1765
1765 132 552
552 132 1765
2247 466 1345
1345 466 2247
466 1345 2247
837 1966 2111
2111 837 1966
1966 837 2111
899 141 603
603 141 899
141 603 899
1620 1460 2806
2806 1460 1620
1460 1620 2806
1477 792 1845
792 1477 1845
1845 792 1477
2916 1507 1942
1507 1942 2916
1942 1507 2916
2135 611 2015
2015 611 2135
611 2015 2135
813 807 1377
807 813 1377
1377 807 813
1925 235 1322
235 1322 1925
1322 235 1925
3 1061 1967
1061 3 1967
1967 3 1061
2157 2519 2975
2975 2157 2519
2519 2157 2975
153 1387 1392
1392 153 1387
1387 153 1392
1589 540 2125
2125 540 1589
540 1589 2125
1448 338 1946
1946 338 1448
338 1448 1946
2866 253 1308
1308 253 2866
253 1308 2866
735 1059 1823
1059 735 1823
1823 735 1059
2334 883 2796
2796 883 2334
883 2334 2796
2952 583 1360
1360 583 2952
583 1360 2952
2317 57 386
57 386 2317
386 57 2317
197 127 1311
1311 127 197
127 197 1311
1843 1048 1201
1201 1048 1843
1048 1201 1843
1 117 229
117 1 229
229 1 117
1537 138 2845
138 1537 2845
2845 138 1537
786 493 1510
1510 493 786
493 786 1510
2905 2336 2399
2336 2399 2905
2399 2336 2905
1701 234 2681
2681 234 1701
234 1701 2681
2238 70 2189
70 2189 2238
2189 70 2238
1416 638 1070
638 1070 1416
1070 638 1416
2122 118 1861
1861 118 2122
118 1861 2122
41 1412 1430
1412 41 1430
1430 41 1412
2445 71 723
71 723 2445
723 71 2445
817 2386 2805
2386 817 2805
2805 817 2386
2718 839 1298
839 1298 2718
1298 839 2718
1113 149 640
640 149 1113
149 640 1113
2633 1754 2330
1754 2330 2633
2330 1754 2633
2959 14 607
14 607 2959
607 14 2959
1857 1108 1664
1108 1664 1857
1664 1108 1857
1981 428 1992
428 1981 1992
1992 428 1981
664 73 1506
73 664 1506
1506 73 664
1226 1711 2599
2599 1226 1711
1711 1226 2599
2564 267 2637
2637 267 2564
267 2564 2637
577 2232 2873
2232 577 2873
2873 577 2232
1280 146 2522
146 1280 2522
2522 146 1280
889 801 2937
2937 801 889
801 889 2937
1907 45 2985
2985 45 1907
45 1907 2985
1463 1066 1901
1901 1066 1463
1066 1463 1901
1452 136 2896
136 1452 2896
2896 136 1452
337 756 2465
756 337 2465
2465 337 756
2761 1041 1557
1557 1041 2761
1041 1557 2761
860 2756 2812
2756 860 2812
2812 860 2756
457 491 2770
2770 457 491
491 457 2770
239 2588 2595
2595 239 2588
2588 239 2595
1171 764 2961
2961 764 1171
764 1171 2961
52 2168 2234
2234 52 2168
2168 52 2234
2219 389 981
389 981 2219
981 389 2219
260 1483 2879
2879 260 1483
1483 260 2879
2647 1768 2834
1768 2647 2834
2834 1768 2647
2186 2799 2833
2799 2186 2833
2833 2186 2799
35 249 969
969 35 249
249 35 969
199 1349 2783
2783 199 1349
1349 199 2783
143 460 1348
460 143 1348
1348 143 460
2837 422 1804
422 1804 2837
1804 422 2837
2296 382 1822
382 1822 2296
1822 382 2296
1198 350 1567
350 1198 1567
1567 350 1198
475 224 1985
224 475 1985
1985 224 475
1739 250 1685
250 1685 1739
1685 250 1739
2994 91 101
101 91 2994
91 101 2994
351 499 2366
499 351 2366
2366 351 499
2179 170 736
170 736 2179
736 170 2179
1359 1690 2789
2789 1359 1690
1690 1359 2789
323 336 534
534 323 336
336 323 534
4 1709 2127
1709 4 2127
2127 4 1709
1938 1350 2977
2977 1350 1938
1350 1938 2977
33 1148 2627
1148 33 2627
2627 33 1148
2545 1362 1590
1362 1590 2545
1590 1362 2545
2216 995 2581
2581 995 2216
995 2216 2581
1780 50 2745
50 1780 2745
2745 50 1780
21 790 2622
2622 21 790
790 21 2622
2558 2385 2779
2779 2385 2558
2385 2558 2779
470 106 1725
1725 106 470
106 470 1725
1716 1388 1873
1873 1388 1716
1388 1716 1873
2140 793 1707
793 1707 2140
1707 793 2140
2008 655 1237
1237 655 2008
655 1237 2008
436 546 1738
1738 436 546
546 436 1738
2642 1545 1554
1545 1554 2642
1554 1545 2642
2428 307 1585
307 1585 2428
1585 307 2428
906 411 1953
1953 411 906
411 906 1953
875 956 2490
956 875 2490
2490 875 956
2547 2378 2815
2815 2378 2547
2378 2547 2815
2782 1805 1903
1805 1903 2782
1903 1805 2782
1759 2682 2772
2682 1759 2772
2772 1759 2682
1036 762 2626
2626 762 1036
762 1036 2626
2780 1904 2945
2945 1904 2780
1904 2780 2945
2516 1035 2095
2095 1035 2516
1035 2095 2516
2100 616 2013
2013 616 2100
616 2013 2100
1376 291 2085
2085 291 1376
291 1376 2085
993 1042 2658
1042 993 2658
2658 993 1042
1706 1087 2709
1087 1706 2709
2709 1087 1706
2496 288 1722
288 1722 2496
1722 288 2496
1603 1185 2309
2309 1185 1603
1185 1603 2309
1172 798 2183
798 1172 2183
2183 798 1172
562 1142 2500
1142 562 2500
2500 562 1142
2559 1017 1839
1017 1839 2559
1839 1017 2559
1552 1357 2328
1357 1552 2328
2328 1357 1552
2338 2273 2728
2273 2338 2728
2728 2273 2338
305 1498 1736
1736 305 1498
1498 305 1736
1261 1390 1558
1390 1261 1558
1558 1261 1390
731 1961 2105
1961 731 2105
2105 731 1961
2777 1791 1841
1791 1841 2777
1841 1791 2777
247 1114 1811
1811 247 1114
1114 247 1811
1393 1630 2337
2337 1393 1630
1630 1393 2337
1473 2214 2855
2214 1473 2855
2855 1473 2214
438 367 1162
367 438 1162
1162 367 438
2450 64 2375
64 2375 2450
2375 64 2450
1479 1339 1764
1339 1479 1764
1764 1339 1479
2526 765 2178
2178 765 2526
765 2178 2526
1623 269 1320
269 1320 1623
1320 269 1623
2059 391 1572
1572 391 2059
391 1572 2059
2843 1563 2946
2946 1563 2843
1563 2843 2946
822 330 2727
2727 330 822
330 822 2727
165 2210 2425
2210 165 2425
2425 165 2210
442 1950 2081
1950 442 2081
2081 442 1950
2236 1116 2274
2274 1116 2236
1116 2236 2274
2667 427 1876
427 1876 2667
1876 427 2667
1948 1500 1667
1500 1667 1948
1667 1500 1948
1403 19 1344
19 1344 1403
1344 19 1403
2813 472 2635
2635 472 2813
472 2635 2813
424 462 2736
2736 424 462
462 424 2736
228 1789 2548
1789 228 2548
2548 228 1789
1123 125 162
125 162 1123
162 125 1123
1998 589 2636
589 1998 2636
2636 589 1998
1723 246 799
799 246 1723
246 799 1723
2037 458 2632
458 2037 2632
2632 458 2037
2505 850 2370
850 2370 2505
2370 850 2505
2030 385 983
385 983 2030
983 385 2030
2195 439 2255
439 2195 2255
2255 439 2195
537 535 1724
535 537 1724
1724 535 537
1512 2277 2396
2396 1512 2277
2277 1512 2396
800 1177 1989
1177 800 1989
1989 800 1177
509 715 1700
1700 509 715
715 509 1700
976 1291 2491
2491 976 1291
1291 976 2491
1181 1398 1600
1398 1181 1600
1600 1181 1398
2810 1671 2933
1671 2810 2933
2933 1671 2810
2908 903 1098
1098 903 2908
903 1098 2908
2902 287 2227
287 2227 2902
2227 287 2902
377 644 2118
644 377 2118
2118 377 644
591 545 2244
545 591 2244
2244 545 591
595 2160 2452
2452 595 2160
2160 595 2452
1413 1675 2079
1675 1413 2079
2079 1413 1675
95 238 1956
1956 95 238
238 95 1956
2155 1209 1431
1431 1209 2155
1209 1431 2155
2209 927 1737
1737 927 2209
927 1737 2209
2096 393 621
621 393 2096
393 621 2096
2021 2561 2844
2561 2021 2844
2844 2021 2561
2574 200 1092
1092 200 2574
200 1092 2574
1886 341 979
979 341 1886
341 979 1886
2827 2120 2304
2120 2304 2827
2304 2120 2827
2470 1894 1972
1894 1972 2470
1972 1894 2470
689 832 2050
2050 689 832
832 689 2050
2165 2063 2388
2063 2165 2388
2388 2063 2165
2441 1319 2909
2909 1319 2441
1319 2441 2909
2597 161 2587
161 2587 2597
2587 161 2597
272 86 911
86 272 911
911 86 272
54 2507 2563
2563 54 2507
2507 54 2563
2886 651 2744
2744 651 2886
651 2744 2886
2511 1896 2355
2355 1896 2511
1896 2355 2511
2475 606 1043
606 1043 2475
1043 606 2475
2289 1208 1300
1208 1300 2289
1300 1208 2289
1028 375 1170
375 1028 1170
1170 375 1028
777 1511 2494
1511 777 2494
2494 777 1511
1060 902 2533
2533 902 1060
902 1060 2533
1864 1102 1146
1102 1146 1864
1146 1102 1864
532 1584 1708
1708 532 1584
1584 532 1708
847 2698 2708
2708 847 2698
2698 847 2708
483 242 1336
242 483 1336
1336 242 483
1827 1260 2045
1260 1827 2045
2045 1260 1827
652 599 909
909 599 652
599 652 909
1051 441 1331
1331 441 1051
441 1051 1331
1271 963 2754
963 1271 2754
2754 963 1271
1905 2747 2876
2876 1905 2747
2747 1905 2876
2459 888 1218
888 1218 2459
1218 888 2459
2579 783 1230
1230 783 2579
783 1230 2579
1088 1564 2748
2748 1088 1564
1564 1088 2748
1367 1906 2092
1906 1367 2092
2092 1367 1906
602 1241 1902
1902 602 1241
1241 602 1902
1955 559 862
559 862 1955
862 559 1955
2676 937 2258
2258 937 2676
937 2258 2676
371 313 477
313 371 477
477 313 371
620 1252 2115
1252 620 2115
2115 620 1252
2200 317 1782
317 1782 2200
1782 317 2200
2249 431 1518
431 1518 2249
1518 431 2249
124 653 1215
1215 124 653
653 124 1215
1714 104 968
968 104 1714
104 968 1714
1485 549 951
549 951 1485
951 549 1485
1221 22 1266
1266 22 1221
22 1221 1266
1824 283 1183
1183 283 1824
283 1183 1824
2684 1082 2318
1082 2318 2684
2318 1082 2684
2981 2223 2957
2223 2957 2981
2957 2223 2981
2098 908 1356
1356 908 2098
908 1356 2098
26 294 1848
294 26 1848
1848 26 294
2191 904 2146
2146 904 2191
904 2146 2191
2882 575 2818
2818 575 2882
575 2818 2882
404 1728 2915
1728 404 2915
2915 404 1728
1762 2418 2492
2418 1762 2492
2492 1762 2418
1960 809 2173
2173 809 1960
809 1960 2173
2432 1897 2638
1897 2432 2638
2638 1897 2432
1854 2892 2944
2944 1854 2892
2892 1854 2944
1550 846 2010
2010 846 1550
846 1550 2010
861 2512 2544
2512 861 2544
2544 861 2512
1802 10 1656
1656 10 1802
10 1656 1802
707 1038 1100
1100 707 1038
1038 707 1100
803 592 725
592 725 803
725 592 803
1748 2325 2394
2394 1748 2325
2325 1748 2394
220 2408 2948
2408 220 2948
2948 220 2408
1176 92 167
167 92 1176
92 167 1176
782 1733 2401
2401 782 1733
1733 782 2401
671 1787 1882
1882 671 1787
1787 671 1882
560 1112 1732
1732 560 1112
1112 560 1732
1104 93 2808
93 1104 2808
2808 93 1104
2349 688 2449
2449 688 2349
688 2349 2449
1740 198 1425
1425 198 1740
198 1425 1740
785 1306 2527
1306 785 2527
2527 785 1306
194 1915 2664
1915 194 2664
2664 194 1915
1658 130 1730
1730 130 1658
130 1658 1730
610 744 1313
744 610 1313
1313 610 744
632 139 1844
139 632 1844
1844 139 632
326 641 2421
2421 326 641
641 326 2421
1055 1243 2221
1243 1055 2221
2221 1055 1243
977 561 2314
561 977 2314
2314 561 977
1268 1052 2312
2312 1052 1268
1052 1268 2312
1596 955 2409
2409 955 1596
955 1596 2409
920 874 1987
874 920 1987
1987 874 920
1175 1437 2733
2733 1175 1437
1437 1175 2733
935 1238 1619
1619 935 1238
1238 935 1619
2225 844 1445
844 1445 2225
1445 844 2225
430 219 2678
219 430 2678
2678 219 430
2150 706 2675
706 2150 2675
2675 706 2150
2257 2803 2850
2850 2257 2803
2803 2257 2850
2364 456 614
614 456 2364
456 614 2364
864 1677 1867
1677 864 1867
1867 864 1677
1076 122 254
122 254 1076
254 122 1076
2136 1476 2738
1476 2136 2738
2738 1476 2136
471 643 2717
643 471 2717
2717 471 643
1174 480 1543
480 1174 1543
1543 480 1174
1106 605 1920
605 1106 1920
1920 605 1106
1598 649 1245
649 1245 1598
1245 649 1598
2083 1026 1538
1026 1538 2083
1538 1026 2083
663 107 1212
107 663 1212
1212 107 663
489 1256 2704
1256 489 2704
2704 489 1256
1282 573 2278
573 1282 2278
2278 573 1282
2874 63 2014
2014 63 2874
63 2014 2874
1444 1283 1595
1595 1283 1444
1283 1444 1595
1247 1785 2264
1785 1247 2264
2264 1247 1785
277 865 2301
2301 277 865
865 277 2301
1655 1937 2911
2911 1655 1937
1937 1655 2911
120 384 2499
384 120 2499
2499 120 384
1945 709 855
709 855 1945
855 709 1945
2041 1579 2541
1579 2041 2541
2541 1579 2041
241 36 478
36 241 478
478 36 241
2848 1831 2931
2931 1831 2848
1831 2848 2931
693 751 1731
751 693 1731
1731 693 751
961 359 748
748 359 961
359 748 961
181 594 2057
2057 181 594
594 181 2057
2693 825 1130
825 1130 2693
1130 825 2693
1133 1107 2767
1107 1133 2767
2767 1107 1133
1250 1379 2851
2851 1250 1379
1379 1250 2851
1187 218 2254
2254 218 1187
218 1187 2254
1741 44 2489
2489 44 1741
44 1741 2489
2707 397 2965
2965 397 2707
397 2707 2965
1119 516 1065
516 1065 1119
1065 516 1119
1830 1929 2734
2734 1830 1929
1929 1830 2734
814 712 1021
712 814 1021
1021 712 814
733 392 1285
392 733 1285
1285 392 733
2405 1288 2721
1288 2405 2721
2721 1288 2405
779 1467 1616
1467 779 1616
1616 779 1467
2002 1046 1484
1484 1046 2002
1046 1484 2002
1784 300 887
887 300 1784
300 887 1784
2956 696 705
705 696 2956
696 705 2956
1080 2154 2199
2154 1080 2199
2199 1080 2154
717 222 2568
2568 222 717
222 717 2568
188 952 2832
2832 188 952
952 188 2832
2 1373 2362
2362 2 1373
1373 2 2362
2206 1011 2616
1011 2206 2616
2616 1011 2206
1203 1097 1575
1575 1097 1203
1097 1203 1575
2420 1053 1461
1053 1461 2420
1461 1053 2420
2925 11 361
11 361 2925
361 11 2925
1547 1239 2072
2072 1239 1547
1239 1547 2072
2631 999 1521
1521 999 2631
999 1521 2631
989 39 2439
2439 39 989
39 989 2439
461 1702 2197
1702 461 2197
2197 461 1702
1528 1429 1923
1923 1429 1528
1429 1528 1923
2035 854 1111
854 1111 2035
1111 854 2035
2877 2346 2817
2346 2817 2877
2817 2346 2877
2121 925 2498
925 2121 2498
2498 925 2121
804 1637 2427
1637 804 2427
2427 804 1637
2182 1286 2692
1286 2182 2692
2692 1286 2182
2539 2094 2720
2720 2094 2539
2094 2539 2720
2149 145 992
992 145 2149
145 992 2149
1224 271 2144
2144 271 1224
271 1224 2144
1315 482 2031
2031 482 1315
482 1315 2031
275 1682 2623
1682 275 2623
2623 275 1682
1586 302 2712
302 1586 2712
2712 302 1586
2620 17 2792
17 2620 2792
2792 17 2620
1668 108 2298
2298 108 1668
108 1668 2298
1157 919 2924
919 1157 2924
2924 919 1157
2870 398 501
398 501 2870
501 398 2870
584 543 2308
2308 543 584
543 584 2308
2849 90 2801
90 2801 2849
2801 90 2849
251 1225 1999
1999 251 1225
1225 251 1999
2880 2774 2881
2774 2880 2881
2881 2774 2880
2486 730 2863
2863 730 2486
730 2486 2863
2982 1120 2032
2032 1120 2982
1120 2032 2982
1652 791 1316
1316 791 1652
791 1316 1652
182 1488 2089
2089 182 1488
1488 182 2089
1990 650 1365
1365 650 1990
650 1365 1990
1868 1136 2663
2663 1136 1868
1136 1868 2663
1417 1893 1899
1893 1417 1899
1899 1417 1893
2875 365 1492
1492 365 2875
365 1492 2875
1240 175 1913
1913 175 1240
175 1240 1913
1618 58 1717
1717 58 1618
58 1618 1717
1352 232 2269
232 1352 2269
2269 232 1352
831 692 2932
692 831 2932
2932 692 831
2087 601 682
682 601 2087
601 682 2087
886 381 1852
1852 381 886
381 886 1852
1385 820 1079
820 1079 1385
1079 820 1385
140 409 726
726 140 409
409 140 726
1704 1608 2903
2903 1608 1704
1608 1704 2903
297 1555 1865
1865 297 1555
1555 297 1865
1125 1798 2468
2468 1125 1798
1798 1125 2468
13 32 2361
2361 13 32
32 13 2361
2557 1480 2391
2391 1480 2557
1480 2391 2557
1358 1757 2217
1757 1358 2217
2217 1358 1757
1683 1103 1323
1323 1103 1683
1103 1323 1683
2224 2410 2495
2410 2224 2495
2495 2224 2410
1883 536 2569
2569 536 1883
536 1883 2569
1006 1744 2899
2899 1006 1744
1744 1006 2899
429 719 2163
719 429 2163
2163 429 719
918 1610 2345
2345 918 1610
1610 918 2345
576 221 885
885 221 576
221 576 885
280 16 827
16 280 827
827 16 280
2691 856 2426
2426 856 2691
856 2426 2691
1163 2069 2288
2069 1163 2288
2288 1163 2069
2517 738 1645
1645 738 2517
738 1645 2517
877 512 2807
2807 512 877
512 877 2807
416 1626 2262
2262 416 1626
1626 416 2262
1952 312 1329
1329 312 1952
312 1329 1952
1384 657 2042
2042 657 1384
657 1384 2042
2553 2023 2123
2123 2023 2553
2023 2123 2553
1281 915 2407
2407 915 1281
915 1281 2407
206 871 1127
871 206 1127
1127 206 871
144 905 2412
905 144 2412
2412 144 905
1189 2476 2762
2476 1189 2762
2762 1189 2476
1553 511 763
763 511 1553
511 763 1553
2923 31 934
934 31 2923
31 934 2923
1851 2453 2649
2649 1851 2453
2453 1851 2649
171 2003 2305
2305 171 2003
2003 171 2305
2730 1195 1699
1195 1699 2730
1699 1195 2730
1143 75 2235
2235 75 1143
75 1143 2235
2826 1248 1380
1248 1380 2826
1380 1248 2826
1490 2339 2376
2339 1490 2376
2376 1490 2339
1533 957 2324
957 1533 2324
2324 957 1533
1669 368 1333
1333 368 1669
368 1333 1669
2377 519 1383
519 1383 2377
1383 519 2377
1135 208 1234
208 1135 1234
1234 208 1135
1559 2078 2865
2078 1559 2865
2865 1559 2078
1109 2295 2300
2295 1109 2300
2300 1109 2295
455 1137 2614
2614 455 1137
1137 455 2614
570 364 2417
364 570 2417
2417 364 570
810 1223 1443
1443 810 1223
1223 810 1443
2040 524 2380
2380 524 2040
524 2040 2380
1703 322 1718
322 1703 1718
1718 322 1703
604 150 1712
150 604 1712
1712 150 604
1774 503 2592
503 1774 2592
2592 503 1774
2280 1591 2004
2004 1591 2280
1591 2004 2280
2690 1401 2138
2138 1401 2690
1401 2138 2690
1303 1326 2657
2657 1303 1326
1326 1303 2657
2303 314 760
760 314 2303
314 760 2303
1808 463 646
646 463 1808
463 646 1808
2580 586 2467
2467 586 2580
586 2467 2580
2686 525 2322
525 2322 2686
2322 525 2686
2281 1777 1941
1777 1941 2281
1941 1777 2281
1776 1980 2124
1980 1776 2124
2124 1776 1980
2788 1933 2359
1933 2359 2788
2359 1933 2788
2193 128 565
565 128 2193
128 565 2193
1771 12 2108
12 1771 2108
2108 12 1771
2758 661 2661
2661 661 2758
661 2661 2758
1196 624 1395
1395 624 1196
624 1196 1395
2605 913 2161
913 2161 2605
2161 913 2605
1456 2043 2381
2043 1456 2381
2381 1456 2043
123 213 2091
2091 123 213
213 123 2091
2320 81 2126
81 2126 2320
2126 81 2320
2650 349 1328
349 1328 2650
1328 349 2650
2854 623 1859
623 1859 2854
1859 623 2854
656 1828 2624
2624 656 1828
1828 656 2624
1910 1204 2024
1204 1910 2024
2024 1204 1910
1378 2852 2968
2852 1378 2968
2968 1378 2852
2530 2054 2419
2419 2054 2530
2054 2419 2530
2307 2062 2344
2062 2307 2344
2344 2062 2307
1549 1470 1918
1918 1470 1549
1470 1549 1918
2618 204 485
204 485 2618
485 204 2618
1213 659 710
710 659 1213
659 710 1213
2332 2147 2242
2242 2147 2332
2147 2242 2332
2679 648 691
648 691 2679
691 648 2679
1930 1083 2392
1083 1930 2392
2392 1083 1930
1091 729 2313
2313 729 1091
729 1091 2313
1924 418 572
572 418 1924
418 572 1924
1978 1674 2639
2639 1674 1978
1674 1978 2639
2202 121 768
768 121 2202
121 768 2202
972 796 1573
796 972 1573
1573 796 972
2861 1442 1634
1634 1442 2861
1442 1634 2861
2012 369 465
465 369 2012
369 465 2012
666 134 448
134 448 666
448 134 666
2400 279 2074
279 2074 2400
2074 279 2400
1908 1161 2520
1161 1908 2520
2520 1161 1908
1153 203 686
686 203 1153
203 686 1153
2446 1801 2152
2152 1801 2446
1801 2152 2446
408 1517 2175
1517 408 2175
2175 408 1517
2935 747 1639
1639 747 2935
747 1639 2935
2479 1631 2785
2785 1631 2479
1631 2479 2785
2429 440 994
440 994 2429
994 440 2429
2034 567 2051
2051 567 2034
567 2034 2051
634 808 2143
2143 634 808
808 634 2143
2142 1504 2634
2634 1504 2142
1504 2142 2634
2463 174 665
174 665 2463
665 174 2463
1660 2643 2934
2934 1660 2643
2643 1660 2934
2231 675 1178
1178 675 2231
675 1178 2231
1158 405 1272
1272 405 1158
405 1158 1272
243 301 1095
301 243 1095
1095 243 301
542 513 1374
1374 513 542
513 542 1374
2669 2668 2930
2930 2668 2669
2668 2669 2930
2840 1353 1482
1353 1482 2840
1482 1353 2840
1156 2075 2665
2665 1156 2075
2075 1156 2665
179 1293 2170
1293 179 2170
2170 179 1293
2950 1147 2781
2781 1147 2950
1147 2781 2950
1834 557 2275
557 1834 2275
2275 557 1834
192 319 2358
2358 192 319
319 192 2358
2554 215 2368
215 2368 2554
2368 215 2554
2215 672 1862
1862 672 2215
672 1862 2215
2104 2521 2764
2764 2104 2521
2521 2104 2764
1984 667 2947
2947 667 1984
667 1984 2947
2097 158 1375
158 1375 2097
1375 158 2097
1141 2927 2971
2927 1141 2971
2971 1141 2927
225 1775 2448
1775 225 2448
2448 225 1775
2786 948 1842
1842 948 2786
948 1842 2786
2222 201 518
518 201 2222
201 518 2222
2740 115 298
115 298 2740
298 115 2740
2737 449 2044
449 2044 2737
2044 449 2737
746 467 581
581 467 746
467 581 746
985 344 2835
344 985 2835
2835 344 985
695 1606 2742
2742 695 1606
1606 695 2742
2017 654 2621
2621 654 2017
654 2017 2621
196 1580 1601
1601 196 1580
1580 196 1601
2891 135 982
135 982 2891
982 135 2891
2775 716 1568
1568 716 2775
716 1568 2775
379 933 2287
933 379 2287
2287 379 933
1287 1005 2914
1005 1287 2914
2914 1005 1287
2196 486 628
486 628 2196
628 486 2196
2823 207 2898
207 2823 2898
2898 207 2823
1592 769 2272
2272 769 1592
769 1592 2272
284 1071 1676
1071 284 1676
1676 284 1071
882 579 1697
579 882 1697
1697 579 882
2218 2053 2966
2966 2053 2218
2053 2218 2966
1466 1993 2912
2912 1466 1993
1993 1466 2912
2365 2372 2666
2666 2365 2372
2372 2365 2666
1654 1763 2333
2333 1654 1763
1763 1654 2333
1962 789 857
789 857 1962
857 789 1962
550 346 2629
346 550 2629
2629 346 550
2171 292 848
848 292 2171
292 848 2171
324 484 1424
1424 324 484
484 324 1424
1587 354 1236
354 1236 1587
1236 354 1587
1986 169 1115
1115 169 1986
169 1115 1986
1793 1968 2713
2713 1793 1968
1968 1793 2713
1000 636 1846
636 1000 1846
1846 636 1000
826 1680 1949
1680 826 1949
1949 826 1680
2523 2546 2757
2757 2523 2546
2546 2523 2757
1284 670 1075
670 1075 1284
1075 670 1284
2751 1515 2550
2550 1515 2751
1515 2550 2751
1451 352 787
787 352 1451
352 787 1451
694 1958 2456
1958 694 2456
2456 694 1958
1391 348 2321
2321 348 1391
348 1391 2321
818 488 1435
1435 488 818
488 818 1435
2357 306 1138
306 1138 2357
1138 306 2357
722 2000 2864
2864 722 2000
2000 722 2864
360 784 2513
2513 360 784
784 360 2513
1755 568 1838
568 1755 1838
1838 568 1755
1418 1795 2487
1795 1418 2487
2487 1418 1795
2086 833 2601
833 2086 2601
2601 833 2086
413 2252 2964
2252 413 2964
2964 413 2252
1184 433 1919
433 1184 1919
1919 433 1184
1309 1140 2904
2904 1140 1309
1140 1309 2904
252 452 2685
452 252 2685
2685 252 452
1812 1474 2506
2506 1474 1812
1474 1812 2506
1016 62 1027
62 1016 1027
1027 62 1016
2983 356 2857
356 2857 2983
2857 356 2983
2406 578 1503
1503 578 2406
578 1503 2406
2776 66 780
66 780 2776
780 66 2776
2329 1334 1814
1334 1814 2329
1814 1334 2329
819 2413 2447
2413 819 2447
2447 819 2413
2978 2582 2646
2646 2582 2978
2582 2646 2978
1542 309 1105
1105 309 1542
309 1105 1542
261 103 168
103 168 261
168 103 261
2729 1615 2802
2802 1615 2729
1615 2729 2802
1372 617 2229
617 1372 2229
2229 617 1372
27 971 2514
971 27 2514
2514 27 971
1262 110 2883
2883 110 1262
110 1262 2883
1501 939 1126
939 1126 1501
1126 939 1501
2480 395 2804
2804 395 2480
395 2480 2804
407 383 1840
1840 383 407
383 407 1840
2683 1756 1871
1871 1756 2683
1756 1871 2683
1128 2019 2887
2019 1128 2887
2887 1128 2019
2354 859 2612
2612 859 2354
859 2354 2612
276 1179 1979
1179 276 1979
1979 276 1179
2166 362 838
838 362 2166
362 838 2166
699 133 2986
2986 133 699
133 699 2986
1880 49 1008
1008 49 1880
49 1008 1880
2466 539 894
894 539 2466
539 894 2466
18 1368 2205
2205 18 1368
1368 18 2205
2583 677 1971
677 1971 2583
1971 677 2583
60 645 1582
1582 60 645
645 60 1582
2656 186 1121
186 1121 2656
1121 186 2656
1321 1627 2131
1627 1321 2131
2131 1321 1627
2128 566 2038
566 2038 2128
2038 566 2128
1977 930 2192
930 1977 2192
2192 930 1977
2578 1496 1523
1496 1523 2578
1523 1496 2578
347 159 2743
159 347 2743
2743 159 347
1641 1421 2067
2067 1421 1641
1421 1641 2067
1609 23 72
72 23 1609
23 72 1609
2711 8 1220
8 1220 2711
1220 8 2711
1743 1253 1264
1264 1253 1743
1253 1264 1743
2763 420 2482
2482 420 2763
420 2482 2763
2867 315 2228
315 2228 2867
2228 315 2867
991 812 1514
812 991 1514
1514 812 991
2241 403 1758
403 1758 2241
1758 403 2241
1305 1294 1578
1294 1305 1578
1578 1294 1305
1932 615 2284
2284 615 1932
615 1932 2284
1047 1687 2416
1687 1047 2416
2416 1047 1687
2319 1457 2555
1457 2319 2555
2555 1457 2319
487 2174 2509
2509 487 2174
2174 487 2509
2800 612 2921
612 2800 2921
2921 612 2800
37 1525 1642
1642 37 1525
1525 37 1642
83 78 1826
78 83 1826
1826 78 83
2680 329 1541
329 1541 2680
1541 329 2680
823 687 781
687 781 823
781 687 823
1574 1396 2653
1396 1574 2653
2653 1396 1574
1332 1124 1386
1386 1124 1332
1124 1332 1386
151 1494 2501
2501 151 1494
1494 151 2501
630 1726 2451
1726 630 2451
2451 630 1726
2444 841 1750
1750 841 2444
841 1750 2444
2894 508 1149
1149 508 2894
508 1149 2894
2958 2103 2347
2103 2347 2958
2347 2103 2958
1152 77 399
77 399 1152
399 77 1152
2528 1205 1275
1275 1205 2528
1205 1275 2528
1081 327 2311
2311 327 1081
327 1081 2311
2461 163 728
728 163 2461
163 728 2461
2575 1307 2048
2048 1307 2575
1307 2048 2575
2028 2458 2820
2458 2028 2820
2820 2028 2458
2382 98 1441
98 1441 2382
1441 98 2382
1825 28 2331
2331 28 1825
28 1825 2331
944 907 1455
907 944 1455
1455 907 944
1023 2101 2469
2101 1023 2469
2469 1023 2101
1662 852 962
852 962 1662
962 852 1662
2315 834 2454
834 2315 2454
2454 834 2315
1928 355 639
355 639 1928
639 355 1928
419 924 2878
924 419 2878
2878 419 924
1433 845 1881
1881 845 1433
845 1433 1881
2593 1751 2134
2134 1751 2593
1751 2134 2593
1734 1067 2159
1067 1734 2159
2159 1067 1734
658 523 1165
523 658 1165
1165 523 658
366 2114 2286
2286 366 2114
2114 366 2286
231 1432 2859
2859 231 1432
1432 231 2859
1235 912 2211
2211 912 1235
912 1235 2211
1508 1884 2404
1884 1508 2404
2404 1508 1884
1129 417 749
417 749 1129
749 417 1129
476 1434 1562
1434 476 1562
1562 476 1434
1565 1696 2025
1696 1565 2025
2025 1565 1696
1169 1159 1301
1159 1169 1301
1301 1159 1169
2824 131 990
131 990 2824
990 131 2824
980 753 1093
1093 753 980
753 980 1093
1151 732 869
869 732 1151
732 869 1151
464 1217 2831
1217 464 2831
2831 464 1217
184 745 2133
745 184 2133
2133 184 745
2955 1022 1647
1647 1022 2955
1022 1647 2955
434 1013 2750
2750 434 1013
1013 434 2750
2248 530 1624
530 1624 2248
1624 530 2248
2047 921 2353
921 2047 2353
2353 921 2047
669 316 1959
1959 316 669
316 669 1959
1405 74 76
76 74 1405
74 76 1405
2645 358 2283
2283 358 2645
358 2283 2645
1056 737 2694
737 1056 2694
2694 737 1056
585 1888 2936
1888 585 2936
2936 585 1888
1122 2571 2576
2571 1122 2576
2576 1122 2571
2628 1911 2022
2022 1911 2628
1911 2022 2628
2266 1324 2292
2292 1324 2266
1324 2266 2292
282 401 2752
401 282 2752
2752 282 401
910 593 1761
1761 593 910
593 910 1761
2110 1527 2071
1527 2071 2110
2071 1527 2110
2941 569 1982
1982 569 2941
569 1982 2941
2158 230 1531
1531 230 2158
230 1531 2158
1819 2148 2279
2148 1819 2279
2279 1819 2148
1343 1532 2455
1532 1343 2455
2455 1343 1532
1278 1436 2590
1436 1278 2590
2590 1278 1436
1692 1063 1752
1063 1692 1752
1752 1063 1692
1186 2172 2696
2696 1186 2172
2172 1186 2696
24 1347 2474
2474 24 1347
1347 24 2474
794 1678 2306
1678 794 2306
2306 794 1678
1788 741 1371
1371 741 1788
741 1371 1788
1094 2282 2869
2869 1094 2282
2282 1094 2869
2973 286 895
286 895 2973
895 286 2973
1832 1132 2351
1132 1832 2351
2351 1132 1832
2316 1073 1131
1073 1131 2316
1131 1073 2316
51 1402 2510
1402 51 2510
2510 51 1402
96 435 1613
435 96 1613
1613 96 435
240 1192 1254
1192 240 1254
1254 240 1192
1534 1029 2326
2326 1029 1534
1029 1534 2326
2261 502 1045
502 1045 2261
1045 502 2261
2949 233 1783
233 1783 2949
1783 233 2949
2001 2180 2615
2180 2001 2615
2615 2001 2180
191 29 469
29 191 469
469 29 191
702 223 1010
1010 223 702
223 702 1010
331 515 1583
515 331 1583
1583 331 515
148 61 1400
1400 61 148
61 148 1400
940 950 1817
950 940 1817
1817 940 950
99 1292 2084
1292 99 2084
2084 99 1292
676 626 1440
626 676 1440
1440 626 676
2016 878 2726
878 2016 2726
2726 878 2016
2836 2055 2504
2055 2504 2836
2504 2055 2836
998 1849 2230
2230 998 1849
1849 998 2230
2233 988 1820
1820 988 2233
988 1820 2233
1269 1211 2586
2586 1211 1269
1211 1269 2586
1520 257 752
752 257 1520
257 752 1520
805 299 721
721 299 805
299 721 805
378 1110 1625
1110 378 1625
1625 378 1110
1397 444 2423
2423 444 1397
444 1397 2423
727 510 1715
510 727 1715
1715 510 727
2814 975 2398
2398 975 2814
975 2398 2814
185 2795 2839
2839 185 2795
2795 185 2839
973 1004 1173
1173 973 1004
1004 973 1173
1694 495 2117
495 1694 2117
2117 495 1694
214 34 373
373 34 214
34 214 373
2011 89 891
891 89 2011
89 891 2011
1833 339 2384
2384 339 1833
339 1833 2384
2811 320 2268
320 2268 2811
2268 320 2811
873 674 821
821 674 873
674 821 873
376 119 914
914 119 376
119 376 914
2617 2369 2502
2502 2369 2617
2369 2502 2617
310 48 1024
1024 48 310
48 310 1024
1872 1216 1735
1216 1735 1872
1735 1216 1872
1745 858 2243
858 1745 2243
2243 858 1745
1875 816 2462
816 1875 2462
2462 816 1875
1420 1039 2130
1039 1420 2130
2130 1039 1420
2888 544 619
619 544 2888
544 619 2888
7 1898 2503
1898 7 2503
2503 7 1898
1487 152 851
152 851 1487
851 152 1487
2090 426 1068
1068 426 2090
426 1068 2090
2460 46 582
46 582 2460
582 46 2460
20 410 1530
410 20 1530
1530 20 410
1604 690 1934
690 1604 1934
1934 690 1604
1497 514 2132
514 1497 2132
2132 514 1497
1164 1007 2253
2253 1007 1164
1007 1164 2253
926 443 2791
2791 443 926
443 926 2791
2625 1464 2348
2348 1464 2625
1464 2348 2625
538 451 2710
451 538 2710
2710 451 538
681 1342 1535
1535 681 1342
1342 681 1535
2787 55 2895
2895 55 2787
55 2787 2895
2703 1666 2106
1666 2106 2703
2106 1666 2703
2596 996 2979
996 2596 2979
2979 996 2596
1454 720 1314
1314 720 1454
720 1314 1454
890 942 1799
1799 890 942
942 890 1799
1493 754 1003
754 1003 1493
1003 754 1493
2477 343 1030
1030 343 2477
343 1030 2477
867 217 2640
2640 217 867
217 867 2640
87 872 2913
2913 87 872
872 87 2913
2939 1025 1935
1025 1935 2939
1935 1025 2939
2184 1691 1917
1691 1917 2184
1917 1691 2184
2006 1581 2390
2390 1581 2006
1581 2006 2390
1325 711 2250
2250 711 1325
711 1325 2250
1969 53 1015
1015 53 1969
53 1015 1969
724 608 2790
2790 608 724
608 724 2790
521 270 1653
270 521 1653
1653 270 521
1769 1354 1927
1927 1354 1769
1354 1769 1927
547 1472 1635
1472 547 1635
1635 547 1472
176 69 2327
69 176 2327
2327 69 176
2145 363 1341
363 1341 2145
1341 363 2145
453 1381 1599
1381 453 1599
1599 453 1381
481 421 2648
421 481 2648
2648 421 481
1001 1335 2677
1335 1001 2677
2677 1001 1335
2436 345 2673
2673 345 2436
345 2436 2673
1991 555 683
555 683 1991
683 555 1991
1191 332 1270
332 1191 1270
1270 332 1191
1364 740 1877
740 1364 1877
1877 740 1364
2760 815 1411
1411 815 2760
815 1411 2760
1663 1869 2256
1869 1663 2256
2256 1663 1869
1206 597 1909
1909 597 1206
597 1206 1909
1034 1276 1602
1602 1034 1276
1276 1034 1602
776 1408 2291
2291 776 1408
1408 776 2291
304 335 1101
1101 304 335
335 304 1101
100 554 1970
554 100 1970
1970 100 554
901 775 2996
775 901 2996
2996 775 901
2995 2529 2723
2723 2529 2995
2529 2723 2995
1659 278 528
278 528 1659
528 278 1659
268 1505 1719
1505 268 1719
1719 268 1505
1818 1210 2270
2270 1210 1818
1210 1818 2270
2825 551 945
551 945 2825
945 551 2825
2926 571 668
668 571 2926
571 668 2926
2518 938 2885
2885 938 2518
938 2518 2885
112 479 1611
479 112 1611
1611 112 479
2260 553 949
553 949 2260
949 553 2260
446 59 2060
59 446 2060
2060 59 446
1355 1446 2972
1446 1355 2972
2972 1355 1446
1232 318 2572
2572 318 1232
318 1232 2572
517 1337 2007
2007 517 1337
1337 517 2007
2039 965 2493
965 2039 2493
2493 965 2039
529 1766 2951
2951 529 1766
1766 529 2951
1560 1800 2860
1800 1560 2860
2860 1560 1800
898 622 1570
1570 622 898
622 898 1570
273 88 1222
1222 88 273
88 273 1222
1997 830 2766
2766 830 1997
830 1997 2766
1513 303 892
892 303 1513
303 892 1513
370 2373 2699
2373 370 2699
2699 370 2373
1860 1031 1495
1495 1031 1860
1031 1495 1860
1561 1064 1976
1976 1064 1561
1064 1561 1976
437 154 1139
1139 154 437
154 437 1139
2577 734 759
759 734 2577
734 759 2577
1856 929 2271
929 1856 2271
2271 929 1856
177 1636 2687
1636 177 2687
2687 177 1636
380 1546 2600
1546 380 2600
2600 380 1546
2116 1566 1588
1588 1566 2116
1566 1588 2116
2701 47 102
47 102 2701
102 47 2701
2940 1778 2177
1778 2177 2940
2177 1778 2940
984 2567 2997
2567 984 2997
2997 984 2567
1633 209 445
209 445 1633
445 209 1633
2552 227 1796
1796 227 2552
227 1796 2552
423 1975 2853
2853 423 1975
1975 423 2853
1018 496 2773
2773 496 1018
496 1018 2773
2524 357 1014
357 1014 2524
1014 357 2524
1684 770 1295
770 1295 1684
1295 770 1684
236 1807 2828
2828 236 1807
1807 236 2828
835 970 2310
970 835 2310
2310 835 970
2970 701 2167
2167 701 2970
701 2167 2970
2768 928 1312
1312 928 2768
928 1312 2768
1727 774 876
774 876 1727
876 774 1727
1749 1327 1621
1327 1621 1749
1621 1327 1749
2058 325 1330
1330 325 2058
325 1330 2058
1438 56 2064
56 1438 2064
2064 56 1438
1310 248 425
248 425 1310
425 248 1310
216 1033 2237
1033 216 2237
2237 216 1033
680 1422 2093
1422 680 2093
2093 680 1422
2245 2302 2739
2302 2245 2739
2739 2245 2302
986 505 1629
1629 505 986
505 986 1629
739 522 2565
2565 522 739
522 739 2565
178 1267 2954
2954 178 1267
1267 178 2954
750 802 1988
802 750 1988
1988 750 802
2340 673 1914
673 1914 2340
1914 673 2340
1781 387 997
387 997 1781
997 387 1781
2246 580 1054
1054 580 2246
580 1054 2246
155 1069 2619
1069 155 2619
2619 155 1069
2897 5 2176
5 2176 2897
2176 5 2897
600 180 1168
180 600 1168
1168 180 600
922 412 1797
1797 412 922
412 922 1797
840 884 2990
884 840 2990
2990 840 884
402 698 1837
1837 402 698
698 402 1837
1144 68 1090
68 1090 1144
1090 68 1144
1289 157 1813
1813 157 1289
157 1289 1813
285 1522 1577
1522 285 1577
1577 285 1522
863 1548 1607
1607 863 1548
1548 863 1607
1407 1044 1519
1044 1407 1519
1519 1044 1407
195 1160 1646
1646 195 1160
1160 195 1646
2594 2560 2868
2560 2594 2868
2868 2560 2594
2688 129 2900
2900 129 2688
129 2688 2900
1597 79 2488
79 1597 2488
2488 79 1597
374 1304 2660
1304 374 2660
2660 374 1304
2695 1194 2194
1194 2194 2695
2194 1194 2695
2556 1167 2393
1167 2393 2556
2393 1167 2556
1032 388 2181
388 1032 2181
2181 388 1032
2508 1118 2065
1118 2065 2508
2065 1118 2508
828 1154 1612
1612 828 1154
1154 828 1612
2670 1809 2719
2719 1809 2670
1809 2670 2719
507 1366 1847
1366 507 1847
1847 507 1366
160 2190 2422
2422 160 2190
2190 160 2422
82 1233 1447
1447 82 1233
1233 82 1447
1688 80 923
923 80 1688
80 923 1688
492 531 1879
531 492 1879
1879 492 531
2061 1853 2137
2137 1853 2061
1853 2061 2137
742 500 1721
1721 500 742
500 742 1721
1746 210 853
853 210 1746
210 853 1746
2162 67 932
932 67 2162
67 932 2162
504 1499 2610
2610 504 1499
1499 504 2610
1040 574 2484
574 1040 2484
2484 574 1040
1753 704 2659
704 1753 2659
2659 704 1753
2485 2265 2389
2389 2265 2485
2265 2389 2485
2297 2088 2188
2088 2188 2297
2188 2088 2297
468 662 2705
662 468 2705
2705 468 662
265 2715 2967
2715 265 2967
2967 265 2715
596 533 880
880 533 596
533 596 880
931 1858 2725
2725 931 1858
1858 931 2725
2778 811 1940
1940 811 2778
811 1940 2778
1190 788 1885
1885 788 1190
788 1190 1885
2026 629 966
966 629 2026
629 966 2026
1695 761 960
960 761 1695
761 960 1695
264 1419 1939
1939 264 1419
1419 264 1939
2531 2027 2139
2027 2139 2531
2139 2027 2531
773 1836 2457
2457 773 1836
1836 773 2457
2113 1665 2341
1665 2113 2341
2341 1665 2113
2323 342 1815
342 1815 2323
1815 342 2323
2379 1529 1729
1729 1529 2379
1529 1729 2379
1747 1593 2350
1593 1747 2350
2350 1593 1747
1622 164 1207
164 1207 1622
1207 164 1622
1638 2156 2917
2156 1638 2917
2917 1638 2156
2525 2356 2536
2356 2525 2536
2536 2356 2525
1571 353 2731
353 1571 2731
2731 353 1571
1410 916 1922
916 1410 1922
1922 916 1410
396 2395 2437
2395 396 2437
2437 396 2395
1096 114 1810
114 1096 1810
1810 114 1096
2884 631 2829
631 2829 2884
2829 631 2884
237 414 2842
2842 237 414
414 237 2842
2478 1257 2540
2540 1257 2478
1257 2478 2540
190 2080 2343
2343 190 2080
2080 190 2343
415 2141 2153
2153 415 2141
2141 415 2153
2988 1072 1672
1072 1672 2988
1672 1072 2988
2604 1681 2430
1681 2430 2604
2430 1681 2604
2830 1760 2585
2585 1760 2830
1760 2585 2830
2907 245 563
245 563 2907
563 245 2907
714 772 1265
1265 714 772
772 714 1265
2440 1816 2856
1816 2440 2856
2856 1816 2440
1850 105 1767
1767 105 1850
105 1767 1850
527 587 743
587 527 743
743 527 587
2714 2276 2938
2938 2276 2714
2276 2714 2938
2735 829 2082
829 2082 2735
2082 829 2735
2018 718 1931
1931 718 2018
718 1931 2018
2566 1806 2919
1806 2566 2919
2919 1806 2566
1491 896 1078
896 1078 1491
1078 896 1491
1481 1370 2335
1370 1481 2335
2335 1370 1481
2207 1199 2009
1199 2009 2207
2009 1199 2207
1651 321 2077
2077 321 1651
321 1651 2077
2654 849 1963
849 1963 2654
1963 849 2654
2630 289 806
806 289 2630
289 806 2630
1086 1389 2974
1389 1086 2974
2974 1086 1389
2029 1258 1382
1382 1258 2029
1258 1382 2029
868 1471 1643
1471 868 1643
1643 868 1471
1450 1605 2960
2960 1450 1605
1605 1450 2960
1829 1874 2872
1874 1829 2872
2872 1829 1874
406 974 1428
974 406 1428
1428 406 974
2414 142 1290
