316 25968 27774
25968 316 27774
27774 316 25968
20606 14762 23171
14762 20606 23171
23171 14762 20606
19755 26028 28126
28126 19755 26028
26028 19755 28126
25250 14372 19652
19652 14372 25250
14372 19652 25250
15494 2897 27925
2897 15494 27925
27925 2897 15494
13516 10632 29273
10632 13516 29273
29273 10632 13516
27129 9563 14389
9563 14389 27129
14389 9563 27129
23110 19473 22436
19473 22436 23110
22436 19473 23110
23432 17726 20427
20427 17726 23432
17726 20427 23432
7365 2988 18965
2988 7365 18965
18965 2988 7365
25061 1169 29558
1169 25061 29558
29558 1169 25061
13682 11435 27474
27474 11435 13682
11435 13682 27474
10564 5634 12346
12346 5634 10564
5634 10564 12346
27584 15462 26956
15462 26956 27584
26956 15462 27584
9228 23512 25477
25477 9228 23512
23512 9228 25477
27450 17604 22281
17604 22281 27450
22281 17604 27450
14451 5152 18456
18456 5152 14451
5152 14451 18456
1465 4281 15826
4281 1465 15826
15826 1465 4281
11850 2762 19538
19538 2762 11850
2762 11850 19538
29315 15682 18050
15682 18050 29315
18050 15682 29315
11410 8711 12557
8711 11410 12557
12557 8711 11410
22204 13739 13938
13938 13739 22204
13739 13938 22204
5428 21511 21868
21511 5428 21868
21868 5428 21511
8400 4874 12027
4874 8400 12027
12027 4874 8400
28243 3608 29161
29161 3608 28243
3608 28243 29161
5743 19216 23540
23540 5743 19216
19216 5743 23540
27252 1841 15775
1841 15775 27252
15775 1841 27252
1883 25248 26378
25248 1883 26378
26378 1883 25248
10541 3085 27134
27134 3085 10541
3085 10541 27134
21761 2066 15597
2066 15597 21761
15597 2066 21761
5601 6781 24140
24140 5601 6781
6781 5601 24140
12589 26524 29054
26524 12589 29054
29054 12589 26524
2963 6432 16607
16607 2963 6432
6432 2963 16607
24504 20296 29084
29084 20296 24504
20296 24504 29084
688 10175 29418
29418 688 10175
10175 688 29418
25822 3543 6747
3543 6747 25822
6747 3543 25822
25718 20487 24521
20487 24521 25718
24521 20487 25718
27509 1719 21291
1719 21291 27509
21291 1719 27509
22307 12005 15519
12005 15519 22307
15519 12005 22307
10971 8299 15971
15971 8299 10971
8299 10971 15971
2578 964 27695
964 2578 27695
27695 964 2578
20283 8644 23865
23865 8644 20283
8644 20283 23865
26106 5014 26980
26980 5014 26106
5014 26106 26980
7594 14901 19742
19742 7594 14901
14901 7594 19742
10090 26416 26533
26533 10090 26416
26416 10090 26533
25609 5171 24353
5171 24353 25609
24353 5171 25609
7915 18674 27487
27487 7915 18674
18674 7915 27487
23019 6198 7129
6198 7129 23019
7129 6198 23019
10717 12111 12539
12111 10717 12539
12539 10717 12111
7733 1177 3536
3536 1177 7733
1177 3536 7733
6880 690 14747
14747 690 6880
690 6880 14747
14644 1570 22571
1570 14644 22571
22571 1570 14644
665 8001 23150
8001 665 23150
23150 665 8001
7215 7965 27485
7965 7215 27485
27485 7215 7965
12176 8282 15993
8282 12176 15993
15993 8282 12176
12748 5378 23030
23030 5378 12748
5378 12748 23030
11423 18179 28838
28838 11423 18179
18179 11423 28838
17659 6677 28353
6677 17659 28353
28353 6677 17659
29325 8413 28964
28964 8413 29325
8413 28964 29325
27791 15033 26670
15033 26670 27791
26670 15033 27791
7956 18521 18626
18521 7956 18626
18626 7956 18521
22695 289 29139
289 22695 29139
29139 289 22695
8823 10357 13512
13512 8823 10357
10357 8823 13512
10836 7984 26394
7984 10836 26394
26394 7984 10836
4755 9323 22184
22184 4755 9323
9323 4755 22184
2804 3895 18529
3895 2804 18529
18529 2804 3895
19030 3089 14067
14067 3089 19030
3089 14067 19030
11586 2793 26257
26257 2793 11586
2793 11586 26257
26361 1427 18187
1427 18187 26361
18187 1427 26361
11588 3469 11093
3469 11093 11588
11093 3469 11588
1734 8340 11745
11745 1734 8340
8340 1734 11745
27409 9533 21526
21526 9533 27409
9533 21526 27409
12847 7063 9155
7063 9155 12847
9155 7063 12847
4542 3539 16825
3539 4542 16825
16825 3539 4542
13737 25223 26066
26066 13737 25223
25223 13737 26066
1187 25130 26732
25130 1187 26732
26732 1187 25130
16880 2923 14984
14984 2923 16880
2923 14984 16880
17020 16761 29655
29655 16761 17020
16761 17020 29655
11346 4987 28545
4987 11346 28545
28545 4987 11346
8389 14745 17898
14745 8389 17898
17898 8389 14745
19711 686 29909
686 19711 29909
29909 686 19711
13836 2595 16640
2595 13836 16640
16640 2595 13836
2482 1159 1240
1240 1159 2482
1159 1240 2482
12 20671 25007
20671 12 25007
25007 12 20671
2458 7569 9223
7569 2458 9223
9223 2458 7569
7518 3644 16285
16285 3644 7518
3644 7518 16285
10934 11044 15742
15742 10934 11044
11044 10934 15742
11035 4430 8658
8658 4430 11035
4430 8658 11035
19954 20700 28941
20700 19954 28941
28941 19954 20700
23936 12721 24511
12721 23936 24511
24511 12721 23936
3221 19152 25670
25670 3221 19152
19152 3221 25670
301 7416 10769
7416 301 10769
10769 301 7416
12538 412 25842
25842 412 12538
412 12538 25842
26253 19977 21239
19977 21239 26253
21239 19977 26253
23700 22806 23075
23075 22806 23700
22806 23075 23700
12917 31 21432
31 12917 21432
21432 31 12917
17351 20343 29840
20343 17351 29840
29840 17351 20343
13707 21581 21637
21581 13707 21637
21637 13707 21581
15807 23650 28426
23650 15807 28426
28426 15807 23650
29104 5615 24714
5615 24714 29104
24714 5615 29104
21086 4088 17559
17559 4088 21086
4088 17559 21086
22931 6795 19494
19494 6795 22931
6795 19494 22931
2294 16412 20695
16412 2294 20695
20695 2294 16412
13228 11377 16242
11377 13228 16242
16242 11377 13228
13147 2384 28036
2384 13147 28036
28036 2384 13147
14624 1188 5210
1188 5210 14624
5210 1188 14624
8631 15759 21991
15759 8631 21991
21991 8631 15759
23665 983 1805
983 1805 23665
1805 983 23665
22784 8851 25562
25562 8851 22784
8851 22784 25562
3692 7970 26919
26919 3692 7970
7970 3692 26919
8280 15804 16619
15804 8280 16619
16619 8280 15804
29355 2079 8765
2079 8765 29355
8765 2079 29355
1888 217 17839
217 1888 17839
17839 217 1888
5682 3049 15914
3049 5682 15914
15914 3049 5682
12813 11786 20226
11786 12813 20226
20226 11786 12813
8360 23529 27504
23529 8360 27504
27504 8360 23529
11061 6560 27918
6560 11061 27918
27918 6560 11061
4075 11126 27552
11126 4075 27552
27552 4075 11126
12184 12080 13079
12080 12184 13079
13079 12080 12184
26463 9555 18630
9555 18630 26463
18630 9555 26463
18338 9835 24526
9835 18338 24526
24526 9835 18338
27339 13694 20173
13694 20173 27339
20173 13694 27339
11799 17131 24918
17131 11799 24918
24918 11799 17131
797 6005 27439
27439 797 6005
6005 797 27439
8490 16397 20965
16397 8490 20965
20965 8490 16397
10415 17808 21582
21582 10415 17808
17808 10415 21582
13322 6918 16045
6918 13322 16045
16045 6918 13322
8094 14861 19901
14861 8094 19901
19901 8094 14861
16369 15664 20207
20207 15664 16369
15664 16369 20207
1095 8855 10386
8855 1095 10386
10386 1095 8855
21305 21076 21921
21921 21076 21305
21076 21305 21921
3242 6242 28950
28950 3242 6242
6242 3242 28950
16233 3425 3689
3425 3689 16233
3689 3425 16233
11402 18683 19217
19217 11402 18683
18683 11402 19217
18023 1669 13278
1669 13278 18023
13278 1669 18023
4483 21211 26671
26671 4483 21211
21211 4483 26671
5285 228 28393
28393 228 5285
228 5285 28393
14691 6965 29070
29070 6965 14691
6965 14691 29070
4279 10194 24424
24424 4279 10194
10194 4279 24424
10066 20388 20776
20388 10066 20776
20776 10066 20388
1059 4388 14885
4388 1059 14885
14885 1059 4388
13917 4324 14393
4324 13917 14393
14393 4324 13917
26008 5951 14104
14104 5951 26008
5951 14104 26008
14748 5734 26035
5734 14748 26035
26035 5734 14748
20457 12662 26315
26315 12662 20457
12662 20457 26315
17936 4749 8391
4749 8391 17936
8391 4749 17936
1960 4761 15213
15213 1960 4761
4761 1960 15213
20740 1447 23591
23591 1447 20740
1447 20740 23591
14173 389 25958
25958 389 14173
389 14173 25958
26745 2309 28913
2309 26745 28913
28913 2309 26745
9998 6262 12217
12217 6262 9998
6262 9998 12217
4858 7011 11838
11838 4858 7011
7011 4858 11838
1950 14325 25432
25432 1950 14325
14325 1950 25432
7357 2048 13230
2048 7357 13230
13230 2048 7357
9824 3234 9491
9491 3234 9824
3234 9491 9824
23383 532 1900
532 1900 23383
1900 532 23383
22473 9436 13671
9436 13671 22473
13671 9436 22473
2331 3328 27952
3328 2331 27952
27952 2331 3328
21934 3431 23746
3431 21934 23746
23746 3431 21934
20839 4530 26108
4530 20839 26108
26108 4530 20839
20982 5161 27120
27120 5161 20982
5161 20982 27120
1040 17593 26881
17593 1040 26881
26881 1040 17593
15448 10965 13077
13077 10965 15448
10965 13077 15448
12458 18348 21653
21653 12458 18348
18348 12458 21653
28829 7547 23970
7547 23970 28829
23970 7547 28829
21855 13677 23291
23291 13677 21855
13677 21855 23291
2735 19246 27027
27027 2735 19246
19246 2735 27027
25635 15710 21157
15710 21157 25635
21157 15710 25635
9541 4750 25295
4750 9541 25295
25295 4750 9541
3038 3219 9399
9399 3038 3219
3219 3038 9399
13134 17417 22135
17417 13134 22135
22135 13134 17417
14805 16853 28795
16853 14805 28795
28795 14805 16853
24472 12309 21475
12309 21475 24472
21475 12309 24472
10622 16235 18675
18675 10622 16235
16235 10622 18675
5753 10660 26942
10660 5753 26942
26942 5753 10660
17233 11703 14544
14544 11703 17233
11703 14544 17233
499 12644 20687
12644 499 20687
20687 499 12644
29066 11759 29487
11759 29066 29487
29487 11759 29066
8831 9743 22477
9743 8831 22477
22477 8831 9743
7497 9639 23815
9639 7497 23815
23815 7497 9639
19221 15635 18530
15635 18530 19221
18530 15635 19221
5447 12467 28068
12467 5447 28068
28068 5447 12467
4802 4284 5357
4284 4802 5357
5357 4284 4802
11743 1586 8141
1586 8141 11743
8141 1586 11743
27279 10559 21560
10559 21560 27279
21560 10559 27279
19644 9764 18905
18905 9764 19644
9764 18905 19644
17864 6030 21140
21140 6030 17864
6030 17864 21140
223 6539 22751
22751 223 6539
6539 223 22751
12595 8267 28538
28538 8267 12595
8267 12595 28538
23487 8794 10289
8794 10289 23487
10289 8794 23487
8251 5943 27029
27029 5943 8251
5943 8251 27029
3236 3472 19372
3472 3236 19372
19372 3236 3472
11819 5561 27099
27099 5561 11819
5561 11819 27099
25072 10451 21985
21985 10451 25072
10451 21985 25072
16856 3296 7528
3296 7528 16856
7528 3296 16856
29244 13867 14908
13867 14908 29244
14908 13867 29244
19432 16837 23496
23496 16837 19432
16837 19432 23496
29926 9756 18343
18343 9756 29926
9756 18343 29926
16168 11779 22966
22966 11779 16168
11779 16168 22966
24890 7232 20662
20662 7232 24890
7232 20662 24890
16096 7012 29656
29656 7012 16096
7012 16096 29656
7479 23962 27475
27475 7479 23962
23962 7479 27475
12270 22542 27346
22542 12270 27346
27346 12270 22542
22619 9233 11826
11826 9233 22619
9233 11826 22619
13402 26943 28403
26943 13402 28403
28403 13402 26943
16305 11394 25923
11394 16305 25923
25923 11394 16305
29861 12445 20115
12445 20115 29861
20115 12445 29861
1866 4585 16554
16554 1866 4585
4585 1866 16554
23222 8423 19978
19978 8423 23222
8423 19978 23222
3667 15990 23179
15990 3667 23179
23179 3667 15990
12930 2998 25593
2998 12930 25593
25593 2998 12930
22774 1784 28358
28358 1784 22774
1784 22774 28358
5432 1197 27198
27198 1197 5432
1197 5432 27198
4497 4183 27555
4183 4497 27555
27555 4183 4497
15870 4355 5163
4355 5163 15870
5163 4355 15870
4870 13869 17553
17553 4870 13869
13869 4870 17553
29227 9297 9537
9537 9297 29227
9297 9537 29227
23193 11282 29100
29100 11282 23193
11282 23193 29100
9869 11168 14903
14903 9869 11168
11168 9869 14903
3673 17201 27747
17201 3673 27747
27747 3673 17201
25634 9964 21314
21314 9964 25634
9964 21314 25634
15513 8383 12153
8383 12153 15513
12153 8383 15513
168 22051 22983
22983 168 22051
22051 168 22983
23840 5705 14021
14021 5705 23840
5705 14021 23840
3551 3307 7299
3307 3551 7299
7299 3307 3551
27809 13389 24402
13389 24402 27809
24402 13389 27809
11307 11504 22818
22818 11307 11504
11504 11307 22818
19876 4949 27178
4949 19876 27178
27178 4949 19876
22821 17141 24261
24261 17141 22821
17141 22821 24261
10376 20216 21198
20216 10376 21198
21198 10376 20216
22560 17266 29438
29438 17266 22560
17266 22560 29438
27817 10098 20172
10098 20172 27817
20172 10098 27817
16578 8101 11409
8101 11409 16578
11409 8101 16578
17138 7062 9333
7062 9333 17138
9333 7062 17138
17112 24342 24569
24342 17112 24569
24569 17112 24342
2319 838 13468
13468 838 2319
838 2319 13468
6729 3940 16128
16128 3940 6729
3940 6729 16128
15246 14430 27517
27517 14430 15246
14430 15246 27517
17652 11560 24279
11560 17652 24279
24279 11560 17652
18805 16064 18080
16064 18080 18805
18080 16064 18805
14799 3693 23990
23990 3693 14799
3693 14799 23990
3792 3982 16483
3982 3792 16483
16483 3792 3982
24690 16699 23657
16699 23657 24690
23657 16699 24690
12835 4412 24062
24062 4412 12835
4412 12835 24062
15223 1757 22693
1757 15223 22693
22693 1757 15223
6528 7109 23059
23059 6528 7109
7109 6528 23059
17350 5506 8617
8617 5506 17350
5506 8617 17350
2910 10710 17395
17395 2910 10710
10710 2910 17395
10839 14387 14640
14640 10839 14387
14387 10839 14640
10300 5605 13326
13326 5605 10300
5605 10300 13326
12673 20001 22813
22813 12673 20001
20001 12673 22813
1225 8203 25273
25273 1225 8203
8203 1225 25273
13889 1912 8975
1912 8975 13889
8975 1912 13889
14531 9944 22940
22940 9944 14531
9944 14531 22940
22411 17650 22028
17650 22028 22411
22028 17650 22411
12074 14299 25585
25585 12074 14299
14299 12074 25585
9990 24004 29167
29167 9990 24004
24004 9990 29167
16791 3228 4245
4245 3228 16791
3228 4245 16791
25899 631 14571
14571 631 25899
631 14571 25899
24066 18507 27825
18507 24066 27825
27825 18507 24066
19885 22862 29780
22862 19885 29780
29780 19885 22862
28599 11105 27936
11105 27936 28599
27936 11105 28599
20193 2163 15049
2163 15049 20193
15049 2163 20193
14845 13495 28496
28496 13495 14845
13495 14845 28496
6603 6856 23922
23922 6603 6856
6856 6603 23922
13594 15279 24105
24105 13594 15279
15279 13594 24105
25801 12611 17671
12611 17671 25801
17671 12611 25801
2053 4198 19252
4198 2053 19252
19252 2053 4198
27445 8957 12513
8957 12513 27445
12513 8957 27445
22238 6132 17816
6132 17816 22238
17816 6132 22238
16881 11084 28578
28578 11084 16881
11084 16881 28578
15697 2955 26635
2955 15697 26635
26635 2955 15697
416 14800 20902
20902 416 14800
14800 416 20902
14009 26363 27249
27249 14009 26363
26363 14009 27249
11717 16831 29806
29806 11717 16831
16831 11717 29806
351 17487 20395
17487 351 20395
20395 351 17487
12460 3773 6911
3773 6911 12460
6911 3773 12460
1649 13065 23162
23162 1649 13065
13065 1649 23162
27824 4992 24044
4992 24044 27824
24044 4992 27824
18360 1386 13004
1386 13004 18360
13004 1386 18360
20068 18730 26334
26334 18730 20068
18730 20068 26334
23093 4458 21258
21258 4458 23093
4458 21258 23093
18164 13782 18834
18834 13782 18164
13782 18164 18834
29332 10941 26802
10941 26802 29332
26802 10941 29332
17733 12181 28334
12181 17733 28334
28334 12181 17733
14897 627 24808
24808 627 14897
627 14897 24808
5472 1014 15523
1014 5472 15523
15523 1014 5472
3808 9408 22384
9408 3808 22384
22384 3808 9408
6082 8565 16601
16601 6082 8565
8565 6082 16601
27366 6253 17636
6253 17636 27366
17636 6253 27366
13099 14679 20922
14679 13099 20922
20922 13099 14679
4599 17551 18526
17551 4599 18526
18526 4599 17551
26661 9691 17655
17655 9691 26661
9691 17655 26661
24379 5833 21703
5833 21703 24379
21703 5833 24379
26205 2516 12321
12321 2516 26205
2516 12321 26205
28644 16984 23768
16984 23768 28644
23768 16984 28644
25684 9833 28896
9833 25684 28896
28896 9833 25684
12698 4719 25630
25630 4719 12698
4719 12698 25630
24676 6959 10054
10054 6959 24676
6959 10054 24676
28555 25225 27360
25225 27360 28555
27360 25225 28555
23425 3199 6855
3199 6855 23425
6855 3199 23425
6160 4529 17095
17095 4529 6160
4529 6160 17095
19197 5489 22640
22640 5489 19197
5489 19197 22640
14066 3502 29014
3502 14066 29014
29014 3502 14066
4369 16694 20107
16694 4369 20107
20107 4369 16694
22846 1284 15537
1284 15537 22846
15537 1284 22846
14074 1563 18465
1563 14074 18465
18465 1563 14074
22095 17509 19556
19556 17509 22095
17509 19556 22095
16028 12668 23403
12668 16028 23403
23403 12668 16028
2487 23009 23843
23009 2487 23843
23843 2487 23009
3281 18416 24297
24297 3281 18416
18416 3281 24297
23317 7794 20658
20658 7794 23317
7794 20658 23317
5446 951 15606
15606 951 5446
951 5446 15606
4976 2767 13380
13380 2767 4976
2767 4976 13380
16508 26 6754
6754 26 16508
26 6754 16508
27298 12859 17029
17029 12859 27298
12859 17029 27298
16239 1643 13893
1643 13893 16239
13893 1643 16239
28619 21042 24910
21042 24910 28619
24910 21042 28619
21743 11474 23964
23964 11474 21743
11474 21743 23964
3053 10877 27468
27468 3053 10877
10877 3053 27468
11037 2739 5692
2739 5692 11037
5692 2739 11037
9651 8573 19488
19488 8573 9651
8573 9651 19488
23481 895 15845
895 15845 23481
15845 895 23481
10725 15160 28065
28065 10725 15160
15160 10725 28065
14855 15351 20322
15351 14855 20322
20322 14855 15351
24328 2009 13349
2009 13349 24328
13349 2009 24328
6636 13813 18066
13813 6636 18066
18066 6636 13813
22158 19158 23331
23331 19158 22158
19158 22158 23331
18271 17690 24461
24461 17690 18271
17690 18271 24461
27437 12641 13788
12641 13788 27437
13788 12641 27437
12404 1814 5758
1814 5758 12404
5758 1814 12404
22183 5263 24658
24658 5263 22183
5263 22183 24658
28264 17379 18907
17379 18907 28264
18907 17379 28264
16058 1980 7143
1980 7143 16058
7143 1980 16058
29597 8310 27321
8310 27321 29597
27321 8310 29597
3887 12387 14298
12387 3887 14298
14298 3887 12387
23280 5544 12841
5544 12841 23280
12841 5544 23280
28287 2965 17618
17618 2965 28287
2965 17618 28287
23404 14556 29529
14556 23404 29529
29529 14556 23404
16845 4894 8532
4894 8532 16845
8532 4894 16845
20542 15342 24427
24427 15342 20542
15342 20542 24427
4971 12508 16314
16314 4971 12508
12508 4971 16314
26668 8920 10534
8920 10534 26668
10534 8920 26668
29833 24562 28996
28996 24562 29833
24562 28996 29833
8088 1500 6532
1500 6532 8088
6532 1500 8088
24578 1030 8568
8568 1030 24578
1030 8568 24578
1387 19019 20149
20149 1387 19019
19019 1387 20149
26060 8887 9313
9313 8887 26060
8887 9313 26060
15293 3603 8054
8054 3603 15293
3603 8054 15293
15745 6381 26387
26387 6381 15745
6381 15745 26387
26341 16696 25485
16696 25485 26341
25485 16696 26341
17113 1795 9166
1795 9166 17113
9166 1795 17113
6357 12961 21727
12961 6357 21727
21727 6357 12961
17680 3690 10916
3690 10916 17680
10916 3690 17680
17268 2902 4024
4024 2902 17268
2902 4024 17268
8484 338 17210
338 8484 17210
17210 338 8484
11653 10007 19937
10007 11653 19937
19937 10007 11653
4782 16740 25414
16740 4782 25414
25414 4782 16740
20261 13868 19301
19301 13868 20261
13868 19301 20261
24287 15527 17432
15527 17432 24287
17432 15527 24287
14654 3319 23379
23379 3319 14654
3319 14654 23379
17465 22404 28141
22404 17465 28141
28141 17465 22404
39 14490 15236
14490 39 15236
15236 39 14490
7220 21320 21812
21812 7220 21320
21320 7220 21812
26867 18052 28461
28461 18052 26867
18052 26867 28461
16736 2634 27510
2634 16736 27510
27510 2634 16736
20928 6644 27872
27872 6644 20928
6644 20928 27872
29602 23505 25170
23505 25170 29602
25170 23505 29602
14971 6125 17439
17439 6125 14971
6125 14971 17439
18376 3099 15836
3099 15836 18376
15836 3099 18376
8591 12681 25028
25028 8591 12681
12681 8591 25028
14975 5984 14996
14996 5984 14975
5984 14975 14996
16925 5135 11904
11904 5135 16925
5135 11904 16925
29699 16855 29340
29340 16855 29699
16855 29340 29699
20749 20361 23620
20361 20749 23620
23620 20361 20749
12292 1648 13835
13835 1648 12292
1648 12292 13835
27370 9339 22860
22860 9339 27370
9339 22860 27370
9665 18186 26563
26563 9665 18186
18186 9665 26563
9760 6526 26721
6526 9760 26721
26721 6526 9760
7227 4416 16540
4416 7227 16540
16540 4416 7227
11716 14094 26507
14094 11716 26507
26507 11716 14094
1832 7525 18103
7525 1832 18103
18103 1832 7525
20680 10684 26947
26947 10684 20680
10684 20680 26947
11881 7053 16836
16836 7053 11881
7053 11881 16836
961 14262 23652
23652 961 14262
14262 961 23652
24775 2918 15690
15690 2918 24775
2918 15690 24775
23785 1319 22012
1319 22012 23785
22012 1319 23785
20302 1148 21383
21383 1148 20302
1148 20302 21383
24319 3030 14479
14479 3030 24319
3030 14479 24319
24485 11724 25887
11724 24485 25887
25887 11724 24485
9152 9192 27326
9192 9152 27326
27326 9152 9192
2837 18908 25070
25070 2837 18908
18908 2837 25070
24832 3727 13011
13011 3727 24832
3727 13011 24832
3252 22156 22992
22992 3252 22156
22156 3252 22992
4807 5555 22788
5555 4807 22788
22788 4807 5555
17641 6977 10569
6977 10569 17641
10569 6977 17641
12424 16679 19347
16679 12424 19347
19347 12424 16679
27982 25616 29239
29239 25616 27982
25616 27982 29239
4698 20779 27633
27633 4698 20779
20779 4698 27633
19763 1416 15908
1416 15908 19763
15908 1416 19763
8497 1770 14191
14191 1770 8497
1770 8497 14191
207 13997 21770
13997 207 21770
21770 207 13997
5519 903 26591
903 5519 26591
26591 903 5519
1893 2197 3288
3288 1893 2197
2197 1893 3288
12537 13218 20552
20552 12537 13218
13218 12537 20552
1404 15981 22115
22115 1404 15981
15981 1404 22115
12312 21482 25759
25759 12312 21482
21482 12312 25759
633 2426 5621
5621 633 2426
2426 633 5621
27031 6320 27087
27087 6320 27031
6320 27031 27087
781 16739 19227
19227 781 16739
16739 781 19227
20645 8613 23645
8613 20645 23645
23645 8613 20645
8283 3335 17445
17445 3335 8283
3335 8283 17445
10442 14604 20966
20966 10442 14604
14604 10442 20966
6625 5107 19400
19400 5107 6625
5107 6625 19400
3963 5243 20185
20185 3963 5243
5243 3963 20185
22448 11731 22722
11731 22448 22722
22722 11731 22448
2174 14323 29034
29034 2174 14323
14323 2174 29034
21638 16067 28956
16067 21638 28956
28956 16067 21638
17001 7921 27867
7921 17001 27867
27867 7921 17001
28712 28349 29727
28349 28712 29727
29727 28349 28712
5681 2519 21415
2519 5681 21415
21415 2519 5681
21491 13171 25708
25708 13171 21491
13171 21491 25708
23350 18837 24752
24752 18837 23350
18837 23350 24752
19240 1720 14527
14527 1720 19240
1720 14527 19240
16626 8362 28113
28113 8362 16626
8362 16626 28113
21693 2299 16026
2299 16026 21693
16026 2299 21693
22562 12172 14304
14304 12172 22562
12172 14304 22562
17619 4692 13721
13721 4692 17619
4692 13721 17619
20464 3116 24631
24631 3116 20464
3116 20464 24631
5238 4191 19934
4191 5238 19934
19934 4191 5238
23405 5487 18749
18749 5487 23405
5487 18749 23405
19720 11861 20432
11861 19720 20432
20432 11861 19720
23602 17258 18003
18003 17258 23602
17258 18003 23602
13345 20960 21127
20960 13345 21127
21127 13345 20960
14449 27576 28697
27576 14449 28697
28697 14449 27576
27578 3998 14008
3998 14008 27578
14008 3998 27578
2823 15127 26893
15127 2823 26893
26893 2823 15127
2840 14378 24687
14378 2840 24687
24687 2840 14378
11696 12765 27165
12765 11696 27165
27165 11696 12765
29376 9327 28919
28919 9327 29376
9327 28919 29376
15858 1288 17011
1288 15858 17011
17011 1288 15858
8772 14945 18005
18005 8772 14945
14945 8772 18005
16810 2323 4868
4868 2323 16810
2323 4868 16810
5138 6937 13647
13647 5138 6937
6937 5138 13647
23493 1110 4669
1110 4669 23493
4669 1110 23493
7440 4426 21718
21718 4426 7440
4426 7440 21718
13038 10446 28289
10446 13038 28289
28289 10446 13038
14852 8476 20159
8476 14852 20159
20159 8476 14852
26359 9768 27424
27424 9768 26359
9768 26359 27424
14786 19134 19549
19549 14786 19134
19134 14786 19549
3146 1850 3993
1850 3146 3993
3993 1850 3146
10039 20178 28265
20178 10039 28265
28265 10039 20178
4942 5883 21021
21021 4942 5883
5883 4942 21021
10408 1402 29486
29486 1402 10408
1402 10408 29486
12747 11027 23699
11027 12747 23699
23699 11027 12747
16654 16517 25221
25221 16517 16654
16517 16654 25221
3035 3118 4705
4705 3035 3118
3118 3035 4705
3830 5652 21068
5652 3830 21068
21068 3830 5652
20967 1325 22198
1325 20967 22198
22198 1325 20967
675 21113 26428
26428 675 21113
21113 675 26428
5239 17110 27179
17110 5239 27179
27179 5239 17110
5419 7651 23105
23105 5419 7651
7651 5419 23105
2942 1739 11857
1739 2942 11857
11857 1739 2942
21173 2781 6784
6784 2781 21173
2781 6784 21173
20799 29425 29643
29643 20799 29425
29425 20799 29643
9273 1936 27535
1936 9273 27535
27535 1936 9273
2518 20381 22424
22424 2518 20381
20381 2518 22424
5650 155 27671
27671 155 5650
155 5650 27671
7814 3575 25388
3575 7814 25388
25388 3575 7814
9811 2135 16715
2135 9811 16715
16715 2135 9811
24280 21542 22021
22021 21542 24280
21542 22021 24280
18925 8027 24141
24141 8027 18925
8027 18925 24141
25345 28433 29063
28433 25345 29063
29063 25345 28433
26511 6943 25397
6943 25397 26511
25397 6943 26511
21591 17704 26544
17704 21591 26544
26544 17704 21591
26816 4540 22176
22176 4540 26816
4540 22176 26816
19012 8802 22151
22151 8802 19012
8802 19012 22151
15623 4116 11272
4116 11272 15623
11272 4116 15623
10512 3337 11592
3337 10512 11592
11592 3337 10512
7615 8611 13930
8611 7615 13930
13930 7615 8611
14712 7112 29449
7112 14712 29449
29449 7112 14712
7235 8183 20209
8183 7235 20209
20209 7235 8183
17744 1534 17338
1534 17338 17744
17338 1534 17744
18780 17236 17280
17280 17236 18780
17236 17280 18780
10198 20378 25752
20378 10198 25752
25752 10198 20378
28669 1981 17444
1981 17444 28669
17444 1981 28669
19837 1541 4360
4360 1541 19837
1541 4360 19837
10729 9536 13806
13806 9536 10729
9536 10729 13806
9920 20603 28833
20603 9920 28833
28833 9920 20603
14450 10655 18500
10655 14450 18500
18500 10655 14450
8271 9285 25008
9285 8271 25008
25008 8271 9285
22845 5683 9562
9562 5683 22845
5683 9562 22845
18584 4711 7991
7991 4711 18584
4711 7991 18584
249 19069 24786
24786 249 19069
19069 249 24786
23697 548 21124
548 21124 23697
21124 548 23697
28214 8764 18618
18618 8764 28214
8764 18618 28214
27363 15118 18845
18845 15118 27363
15118 18845 27363
13586 8225 23320
8225 13586 23320
23320 8225 13586
27920 14404 19046
14404 19046 27920
19046 14404 27920
8388 6946 21947
6946 8388 21947
21947 6946 8388
25434 1897 18876
1897 18876 25434
18876 1897 25434
2702 21663 25073
21663 2702 25073
25073 2702 21663
5261 15019 15717
15717 5261 15019
15019 5261 15717
1796 17003 25819
25819 1796 17003
17003 1796 25819
5894 16571 24463
16571 5894 24463
24463 5894 16571
18477 11789 25699
11789 18477 25699
25699 11789 18477
15995 3787 18334
18334 3787 15995
3787 15995 18334
16203 18676 20019
20019 16203 18676
18676 16203 20019
8736 9600 22911
9600 8736 22911
22911 8736 9600
15227 13275 27682
27682 13275 15227
13275 15227 27682
251 3102 9841
3102 251 9841
9841 251 3102
19745 1907 6450
6450 1907 19745
1907 6450 19745
11443 9832 19657
9832 11443 19657
19657 9832 11443
23095 7573 12687
12687 7573 23095
7573 12687 23095
29079 6900 17929
6900 17929 29079
17929 6900 29079
23066 7854 17205
17205 7854 23066
7854 17205 23066
5282 3189 23543
3189 5282 23543
23543 3189 5282
11251 8751 23137
23137 8751 11251
8751 11251 23137
407 437 18660
437 407 18660
18660 407 437
5383 946 28045
946 5383 28045
28045 946 5383
19057 349 18324
349 18324 19057
18324 349 19057
9534 7158 27709
27709 7158 9534
7158 9534 27709
21832 1991 23951
1991 21832 23951
23951 1991 21832
5988 3076 13879
13879 3076 5988
3076 5988 13879
25763 14484 18205
14484 18205 25763
18205 14484 25763
22043 13264 23341
13264 22043 23341
23341 13264 22043
12942 24843 24977
24843 12942 24977
24977 12942 24843
8406 19578 27665
27665 8406 19578
19578 8406 27665
8720 12114 14089
12114 8720 14089
14089 8720 12114
10116 2828 28822
28822 2828 10116
2828 10116 28822
18076 4953 21399
21399 4953 18076
4953 18076 21399
24313 7540 13732
13732 7540 24313
7540 13732 24313
5687 1208 20943
20943 1208 5687
1208 5687 20943
23422 8420 28808
28808 8420 23422
8420 23422 28808
21500 1312 21893
21893 1312 21500
1312 21500 21893
8664 6337 14246
14246 6337 8664
6337 8664 14246
24029 9590 20043
20043 9590 24029
9590 20043 24029
6872 4104 15689
15689 4104 6872
4104 6872 15689
15074 24941 29178
29178 15074 24941
24941 15074 29178
29474 1933 24531
24531 1933 29474
1933 24531 29474
14798 1337 4494
1337 4494 14798
4494 1337 14798
4913 7859 19624
7859 4913 19624
19624 4913 7859
16289 10794 19331
19331 10794 16289
10794 16289 19331
1013 17833 22585
17833 1013 22585
22585 1013 17833
20733 25291 25470
25470 20733 25291
25291 20733 25470
17729 9447 19807
19807 9447 17729
9447 17729 19807
6862 3839 17050
17050 3839 6862
3839 6862 17050
21882 3268 25651
3268 21882 25651
25651 3268 21882
10402 17382 29256
29256 10402 17382
17382 10402 29256
1172 23765 24816
23765 1172 24816
24816 1172 23765
15188 4693 5719
4693 5719 15188
5719 4693 15188
11396 12803 16083
16083 11396 12803
12803 11396 16083
19505 18189 28681
28681 18189 19505
18189 19505 28681
15648 5103 10224
10224 5103 15648
5103 10224 15648
11998 586 8177
586 8177 11998
8177 586 11998
26618 3574 4100
4100 3574 26618
3574 4100 26618
27986 7516 8635
8635 7516 27986
7516 8635 27986
22332 24820 28234
28234 22332 24820
24820 22332 28234
11395 14278 25406
14278 11395 25406
25406 11395 14278
70 16705 17514
17514 70 16705
16705 70 17514
1340 27529 27962
27529 1340 27962
27962 1340 27529
3068 7468 20724
20724 3068 7468
7468 3068 20724
13600 5098 13950
13950 5098 13600
5098 13600 13950
14680 6281 12833
6281 12833 14680
12833 6281 14680
28013 420 23067
420 23067 28013
23067 420 28013
3691 4157 18125
4157 3691 18125
18125 3691 4157
16952 20387 21290
21290 16952 20387
20387 16952 21290
24530 18335 20474
18335 20474 24530
20474 18335 24530
25843 12976 29015
29015 12976 25843
12976 25843 29015
29674 2979 24407
24407 2979 29674
2979 24407 29674
28756 4736 10493
4736 10493 28756
10493 4736 28756
10574 13387 26316
26316 10574 13387
13387 10574 26316
25140 13207 18559
13207 18559 25140
18559 13207 25140
6141 25428 28614
28614 6141 25428
25428 6141 28614
13631 13759 13861
13861 13631 13759
13759 13631 13861
20334 5207 12290
5207 12290 20334
12290 5207 20334
11455 5845 25079
25079 5845 11455
5845 11455 25079
9574 18313 29093
18313 9574 29093
29093 9574 18313
15443 23319 27167
27167 15443 23319
23319 15443 27167
1422 22868 28665
22868 1422 28665
28665 1422 22868
28748 12487 17520
17520 12487 28748
12487 17520 28748
21296 10200 15407
10200 15407 21296
15407 10200 21296
2782 10782 27766
10782 2782 27766
27766 2782 10782
23738 7897 13947
7897 13947 23738
13947 7897 23738
7102 3279 27228
27228 3279 7102
3279 7102 27228
6480 6816 27163
27163 6480 6816
6816 6480 27163
23676 2358 11512
11512 2358 23676
2358 11512 23676
13778 15627 25312
15627 13778 25312
25312 13778 15627
21507 6105 21154
6105 21154 21507
21154 6105 21507
16510 16155 28999
28999 16155 16510
16155 16510 28999
13665 5583 20121
5583 13665 20121
20121 5583 13665
24442 20338 21375
21375 20338 24442
20338 21375 24442
22490 1568 10738
1568 10738 22490
10738 1568 22490
10732 21756 25731
21756 10732 25731
25731 10732 21756
2237 19871 25867
19871 2237 25867
25867 2237 19871
4744 1438 19277
19277 1438 4744
1438 4744 19277
22045 13649 27010
27010 13649 22045
13649 22045 27010
21627 9854 13250
13250 9854 21627
9854 13250 21627
20103 1716 27142
1716 20103 27142
27142 1716 20103
18985 401 2929
401 2929 18985
2929 401 18985
25108 5293 28631
28631 5293 25108
5293 25108 28631
29147 15711 21341
15711 21341 29147
21341 15711 29147
7035 19559 24896
24896 7035 19559
19559 7035 24896
7643 13613 25778
13613 7643 25778
25778 7643 13613
23429 7023 7027
7027 7023 23429
7023 7027 23429
28893 11146 25123
25123 11146 28893
11146 25123 28893
18980 24839 29445
29445 18980 24839
24839 18980 29445
16616 1873 22559
1873 16616 22559
22559 1873 16616
12339 3789 24097
3789 12339 24097
24097 3789 12339
14497 15050 26146
15050 14497 26146
26146 14497 15050
16652 18325 28303
28303 16652 18325
18325 16652 28303
8988 20298 27520
27520 8988 20298
20298 8988 27520
28828 7186 18429
7186 18429 28828
18429 7186 28828
9072 20953 24468
24468 9072 20953
20953 9072 24468
18437 957 5850
957 5850 18437
5850 957 18437
7172 1320 10988
10988 1320 7172
1320 7172 10988
3444 3448 6102
6102 3444 3448
3448 3444 6102
23344 5099 24613
24613 5099 23344
5099 23344 24613
17057 823 13708
13708 823 17057
823 13708 17057
952 13648 23703
23703 952 13648
13648 952 23703
5094 10456 28796
28796 5094 10456
10456 5094 28796
4503 17654 22622
17654 4503 22622
22622 4503 17654
29785 10064 23440
10064 23440 29785
23440 10064 29785
25590 2379 20544
2379 20544 25590
20544 2379 25590
28301 9469 19520
9469 19520 28301
19520 9469 28301
6391 22602 29916
22602 6391 29916
29916 6391 22602
18915 5224 15269
5224 15269 18915
15269 5224 18915
29131 2266 16398
16398 2266 29131
2266 16398 29131
10205 14116 15732
15732 10205 14116
14116 10205 15732
24170 8429 23791
8429 23791 24170
23791 8429 24170
13872 22193 28432
28432 13872 22193
22193 13872 28432
29214 5806 12173
5806 12173 29214
12173 5806 29214
28561 18062 25013
18062 25013 28561
25013 18062 28561
23477 16407 21535
16407 21535 23477
21535 16407 23477
11202 744 3204
744 3204 11202
3204 744 11202
4070 9044 14280
9044 4070 14280
14280 4070 9044
9702 18069 28114
28114 9702 18069
18069 9702 28114
2101 9521 26135
9521 2101 26135
26135 2101 9521
22357 20076 24089
24089 20076 22357
20076 22357 24089
10587 22188 29713
22188 10587 29713
29713 10587 22188
24522 11265 17139
17139 11265 24522
11265 17139 24522
22020 622 23146
622 22020 23146
23146 622 22020
23167 2270 18419
18419 2270 23167
2270 18419 23167
26144 146 16947
16947 146 26144
146 16947 26144
15806 17027 19727
17027 15806 19727
19727 15806 17027
6640 934 6275
6275 934 6640
934 6275 6640
15241 4048 4491
4491 4048 15241
4048 4491 15241
6774 2402 18927
18927 2402 6774
2402 6774 18927
13429 11362 11889
11889 11362 13429
11362 11889 13429
27893 13382 28146
28146 13382 27893
13382 27893 28146
25927 4244 10390
10390 4244 25927
4244 10390 25927
21753 1008 10544
1008 10544 21753
10544 1008 21753
25468 6408 15265
15265 6408 25468
6408 15265 25468
29391 12972 24363
24363 12972 29391
12972 24363 29391
27164 19856 21407
19856 21407 27164
21407 19856 27164
14626 14693 20046
20046 14626 14693
14693 14626 20046
20403 19006 19831
19831 19006 20403
19006 19831 20403
11874 18092 22333
18092 11874 22333
22333 11874 18092
20029 9550 13768
9550 13768 20029
13768 9550 20029
16818 11577 28740
28740 11577 16818
11577 16818 28740
2229 26770 27116
27116 2229 26770
26770 2229 27116
2425 10365 19480
10365 2425 19480
19480 2425 10365
4265 3162 22825
22825 3162 4265
3162 4265 22825
29027 17204 17522
17522 17204 29027
17204 17522 29027
29742 15387 20591
15387 20591 29742
20591 15387 29742
4924 13050 25742
25742 4924 13050
13050 4924 25742
21590 7268 11487
7268 11487 21590
11487 7268 21590
308 6341 8379
6341 308 8379
8379 308 6341
27542 15070 26722
15070 26722 27542
26722 15070 27542
14839 2380 10417
2380 10417 14839
10417 2380 14839
20257 6726 12599
6726 12599 20257
12599 6726 20257
7454 6201 13870
6201 7454 13870
13870 6201 7454
17244 14558 24736
14558 17244 24736
24736 14558 17244
19066 14634 25054
25054 14634 19066
14634 19066 25054
18459 8394 12298
12298 8394 18459
8394 12298 18459
16260 19680 21441
21441 16260 19680
19680 16260 21441
9557 19330 24798
24798 9557 19330
19330 9557 24798
524 13381 17694
17694 524 13381
13381 524 17694
13982 11646 17632
17632 11646 13982
11646 13982 17632
6942 20488 26414
26414 6942 20488
20488 6942 26414
12777 2349 10331
10331 2349 12777
2349 10331 12777
20375 15098 17405
15098 17405 20375
17405 15098 20375
27884 2687 27859
2687 27859 27884
27859 2687 27884
8531 2201 26129
2201 8531 26129
26129 2201 8531
26157 4299 16620
16620 4299 26157
4299 16620 26157
5143 8601 21489
8601 5143 21489
21489 5143 8601
27490 10560 28238
10560 27490 28238
28238 10560 27490
9978 24660 25560
25560 9978 24660
24660 9978 25560
6898 6286 24706
24706 6286 6898
6286 6898 24706
12234 21966 22800
21966 12234 22800
22800 12234 21966
16236 17031 19334
17031 16236 19334
19334 16236 17031
16878 11912 29188
29188 11912 16878
11912 16878 29188
5376 21565 26470
26470 5376 21565
21565 5376 26470
6975 6626 9524
9524 6626 6975
6626 6975 9524
6487 4532 8827
8827 4532 6487
4532 6487 8827
18353 17989 29728
29728 17989 18353
17989 18353 29728
27513 1295 22103
1295 22103 27513
22103 1295 27513
16379 6101 28215
28215 6101 16379
6101 16379 28215
28274 1576 29664
29664 1576 28274
1576 28274 29664
13179 6029 18624
18624 6029 13179
6029 13179 18624
11194 12274 24990
12274 11194 24990
24990 11194 12274
26379 174 18986
174 18986 26379
18986 174 26379
12852 19270 19649
19270 12852 19649
19649 12852 19270
7884 10020 12083
12083 7884 10020
10020 7884 12083
29536 8979 11542
11542 8979 29536
8979 11542 29536
10724 15825 26457
15825 10724 26457
26457 10724 15825
15577 6791 15747
15747 6791 15577
6791 15577 15747
7128 4406 19759
4406 7128 19759
19759 4406 7128
35 9175 18311
9175 35 18311
18311 35 9175
16456 3371 10610
10610 3371 16456
3371 10610 16456
22834 2884 24115
2884 22834 24115
24115 2884 22834
560 2431 14475
14475 560 2431
2431 560 14475
1775 17800 29795
29795 1775 17800
17800 1775 29795
3403 101 16423
101 3403 16423
16423 101 3403
17992 17411 27763
27763 17411 17992
17411 17992 27763
10167 1307 16710
16710 1307 10167
1307 10167 16710
26613 22665 25954
22665 25954 26613
25954 22665 26613
13426 6501 20575
20575 6501 13426
6501 13426 20575
22387 23781 29853
23781 22387 29853
29853 22387 23781
22150 12144 21894
21894 12144 22150
12144 21894 22150
5622 16905 28787
16905 5622 28787
28787 5622 16905
18102 14866 19188
14866 18102 19188
19188 14866 18102
26978 3311 6839
6839 3311 26978
3311 6839 26978
9148 1509 17178
1509 9148 17178
17178 1509 9148
11519 5903 10711
5903 10711 11519
10711 5903 11519
3968 8247 25533
25533 3968 8247
8247 3968 25533
1474 17497 29319
29319 1474 17497
17497 1474 29319
27446 158 15812
158 15812 27446
15812 158 27446
11462 10290 16229
16229 10290 11462
10290 11462 16229
1081 12220 14807
14807 1081 12220
12220 1081 14807
24727 5834 6649
6649 5834 24727
5834 6649 24727
25165 21905 24959
24959 21905 25165
21905 24959 25165
8226 20615 24217
20615 8226 24217
24217 8226 20615
9987 6659 10047
10047 6659 9987
6659 9987 10047
63 11228 20158
11228 63 20158
20158 63 11228
28830 13313 13611
13611 13313 28830
13313 13611 28830
19100 4218 21886
4218 19100 21886
21886 4218 19100
7866 505 18282
505 7866 18282
18282 505 7866
18340 26833 27349
27349 18340 26833
26833 18340 27349
10621 8161 19750
8161 10621 19750
19750 8161 10621
471 632 13859
632 471 13859
13859 471 632
138 25530 29844
29844 138 25530
25530 138 29844
23579 7942 12769
12769 7942 23579
7942 12769 23579
1380 5317 15255
5317 1380 15255
15255 1380 5317
27153 2370 2554
2554 2370 27153
2370 2554 27153
21829 1058 21081
1058 21081 21829
21081 1058 21829
19919 5715 16418
16418 5715 19919
5715 16418 19919
12635 6731 23101
23101 6731 12635
6731 12635 23101
4827 23490 24697
23490 4827 24697
24697 4827 23490
26534 354 3408
3408 354 26534
354 3408 26534
9230 20440 24952
24952 9230 20440
20440 9230 24952
7799 2865 5476
2865 5476 7799
5476 2865 7799
23629 575 21827
21827 575 23629
575 21827 23629
13232 649 26202
26202 649 13232
649 13232 26202
29362 3573 11827
11827 3573 29362
3573 11827 29362
15579 7201 22543
7201 15579 22543
22543 7201 15579
1946 2792 4005
4005 1946 2792
2792 1946 4005
17508 7598 29604
7598 17508 29604
29604 7598 17508
29417 5188 15346
15346 5188 29417
5188 15346 29417
24620 6129 29007
6129 24620 29007
29007 6129 24620
17477 15296 29216
29216 15296 17477
15296 17477 29216
26664 6869 11738
6869 11738 26664
11738 6869 26664
19285 2591 22001
22001 2591 19285
2591 19285 22001
1725 3387 10122
3387 1725 10122
10122 1725 3387
27608 22026 25101
25101 22026 27608
22026 25101 27608
6621 12560 23406
23406 6621 12560
12560 6621 23406
8596 621 10519
621 8596 10519
10519 621 8596
28014 5482 11268
11268 5482 28014
5482 11268 28014
16516 6910 13824
6910 13824 16516
13824 6910 16516
7052 26230 29761
26230 7052 29761
29761 7052 26230
2716 3353 19302
19302 2716 3353
3353 2716 19302
22212 20555 24270
20555 22212 24270
24270 20555 22212
29886 6498 6982
6982 6498 29886
6498 6982 29886
17865 19874 20888
20888 17865 19874
19874 17865 20888
4192 7149 13383
7149 4192 13383
13383 4192 7149
8120 6549 11937
11937 6549 8120
6549 8120 11937
20705 12216 22106
22106 12216 20705
12216 20705 22106
14844 6419 29958
6419 14844 29958
29958 6419 14844
26904 2162 11502
11502 2162 26904
2162 11502 26904
17895 790 17700
17700 790 17895
790 17700 17895
22869 2784 4577
4577 2784 22869
2784 4577 22869
9620 3077 12271
12271 3077 9620
3077 9620 12271
11180 3519 24277
3519 11180 24277
24277 3519 11180
27738 14910 22409
22409 14910 27738
14910 22409 27738
26931 7238 17163
7238 17163 26931
17163 7238 26931
29112 104 19014
19014 104 29112
104 19014 29112
12772 9174 10575
9174 10575 12772
10575 9174 12772
26248 2885 2956
2956 2885 26248
2885 2956 26248
